48
-446 27 0 0 0 0 28 -13 29 21 -7 -8 0 0 -5 3 -17 0 -18 -22 3 -25 28 0 -14 15 -15 11 -10 -14 21 0 -6 -17 0 0 4 4 0 0 0 0 -9 -6 0 1 3 -24 39264
4 -337 26 0 16 19 0 -14 2 -24 0 -16 -8 0 5 -18 0 -20 -24 0 0 -9 10 21 0 19 2 0 0 0 10 19 0 0 0 -1 0 10 -2 0 -21 0 0 -5 0 0 0 0 2112
0 -28 540 19 0 14 18 0 -13 0 27 -23 -8 0 24 7 21 -9 0 16 -20 -8 0 28 8 21 0 -8 0 0 10 0 -30 0 0 8 0 0 0 -7 27 28 -23 -20 -3 -6 11 -30 -14496
0 14 17 -370 0 -13 -20 0 -5 12 -2 0 0 25 6 0 0 5 5 0 -22 2 -13 6 16 5 0 -25 0 0 12 5 -5 2 0 0 -28 0 20 20 -28 0 0 0 -3 0 0 -18 -9600
0 -18 0 0 -300 0 0 0 0 27 -28 0 -7 0 -12 -19 0 0 19 0 0 0 0 0 0 17 26 0 0 -3 0 -5 3 0 26 0 0 0 21 0 0 0 11 0 -25 0 0 10 -19920
0 18 9 16 22 -342 0 11 0 0 -17 -4 0 24 2 0 -5 0 0 0 -30 0 0 0 7 0 -26 0 0 -13 0 27 0 -15 0 0 -12 0 0 12 14 0 14 0 -13 0 -13 0 27264
27 0 0 0 0 0 -466 -7 0 -5 0 13 -12 0 28 19 -20 0 0 0 -25 0 0 0 -11 -15 0 13 0 -28 0 8 -20 -2 8 26 -30 -26 -21 0 -21 0 -9 16 -9 0 -28 0 45936
-23 0 0 24 0 20 0 -486 0 0 -8 0 -11 -28 0 0 -2 -8 -27 -18 -29 -3 19 0 0 26 0 28 0 -10 -7 0 0 0 0 0 12 28 8 13 -15 0 25 26 11 23 0 23 -38880
-5 -12 0 0 -20 2 0 0 -267 -15 -30 0 -21 20 0 0 0 0 0 0 -12 0 27 -12 0 0 -26 0 0 0 0 0 0 24 0 -17 0 0 0 0 0 0 0 0 0 5 0 0 -7872
0 3 0 0 2 15 0 0 0 -279 0 0 0 0 0 -30 0 0 0 0 -23 0 2 0 0 0 0 -21 6 -22 29 0 -6 0 21 0 8 0 0 11 0 19 0 0 -11 19 7 -1 -29424
0 0 -3 -18 0 0 0 0 0 0 -260 0 21 0 0 -2 0 0 13 0 6 -16 0 0 0 0 0 0 0 0 15 0 0 27 0 -17 21 6 8 23 0 -13 -28 0 0 0 0 0 3168
-21 5 0 18 -23 0 0 21 -21 0 0 500 26 4 25 0 0 0 -29 0 -5 2 -28 -12 4 5 0 -4 21 13 0 19 -9 -29 0 -19 0 4 0 -24 0 7 0 -19 12 0 -30 25 -1056
-1 -3 0 0 2 0 -15 -24 0 0 0 28 455 0 0 0 -28 1 2 23 0 9 -12 28 0 -8 21 -24 8 0 1 14 -11 0 13 -11 29 0 -21 -30 13 0 0 -25 23 -15 0 0 -7344
-29 -27 0 0 0 0 -2 0 3 6 12 0 -6 -323 0 -1 0 0 0 0 -2 -29 0 27 -18 0 17 3 0 0 0 0 -25 0 -1 28 0 0 0 -27 0 0 0 0 0 23 -4 -13 -21072
-1 0 0 4 0 -17 -20 0 0 -6 0 -3 -12 0 -269 0 0 0 6 0 0 0 10 0 0 0 -20 0 29 0 0 0 0 0 0 0 0 0 20 8 20 24 -7 -26 -9 0 14 0 35040
9 0 0 -7 13 0 0 0 -9 0 -14 -17 0 0 0 -370 28 -25 0 12 -24 0 7 -18 0 0 0 2 6 13 15 -16 24 0 0 -23 13 0 0 0 0 3 13 0 0 20 8 15 -24960
0 16 12 -17 0 21 7 -17 0 -7 0 0 0 0 -24 21 440 0 -24 0 0 0 -4 0 -30 13 22 0 0 24 -23 0 22 14 0 20 0 0 -14 -20 0 0 0 0 29 -19 0 0 38304
0 -27 0 0 7 0 0 -10 -19 -30 0 9 20 9 0 8 0 431 -10 0 -8 0 -13 15 29 -17 -25 -7 0 1 0 0 0 0 -2 0 -24 9 0 -30 16 0 -22 3 0 9 28 12 -3504
0 24 0 0 -16 0 -18 -2 1 25 20 -5 0 -6 0 13 0 -12 -444 5 0 -8 0 -24 0 -26 0 0 -30 15 0 -3 0 0 0 0 -25 0 0 0 -18 13 0 -25 29 -28 -22 -19 -144
0 0 29 6 -30 0 0 0 29 12 0 0 0 3 -20 0 -26 5 20 322 0 0 0 -20 -29 0 0 -4 0 0 0 5 0 0 0 0 10 2 0 0 21 -25 0 0 0 11 0 5 -4320
0 0 -17 0 18 0 25 0 5 16 22 0 -26 11 0 -15 0 20 0 0 400 27 0 0 0 -26 0 21 0 0 -8 27 14 -7 0 0 0 -20 20 0 5 -26 -8 0 0 -6 0 0 39120
0 12 0 0 0 0 -30 0 0 0 0 2 -26 0 0 3 -1 0 24 0 -21 457 -3 -28 27 -17 -29 12 26 -19 0 -22 0 0 0 20 16 10 0 12 -23 0 0 -24 -15 13 -10 0 40128
0 21 29 -26 -13 1 0 0 0 27 -14 -15 -26 0 12 24 0 0 0 0 0 -28 502 -5 0 0 8 0 28 -30 18 0 16 4 -18 -5 15 -21 0 0 -16 24 14 21 0 3 0 -5 -9120
-2 18 0 0 0 13 0 -28 -11 0 3 6 -15 0 0 0 11 25 -2 -18 0 8 0 -342 -17 12 -5 0 -23 -28 0 -13 7 0 -23 0 0 0 6 0 10 14 0 0 0 0 1 0 -22704
0 21 0 2 -26 0 0 -22 -10 0 18 14 27 9 0 -26 0 0 0 27 0 10 0 0 -456 0 -3 -2 0 7 -14 19 0 -21 23 0 -28 0 5 -29 22 0 0 0 -21 -26 1 0 -9312
14 -3 -11 26 0 18 0 26 0 19 29 0 -19 25 0 0 0 0 0 0 -24 0 3 -10 0 412 -6 0 0 0 0 0 0 15 -26 0 0 0 -9 -28 0 -8 26 0 0 23 -6 -24 -13392
0 25 -28 0 0 0 5 26 0 -20 0 0 -20 0 0 15 -15 0 0 0 13 7 0 9 0 0 341 -11 -23 18 0 -1 25 12 0 0 0 -13 0 -19 -9 0 0 0 0 0 0 12 20208
19 0 -21 0 -16 0 0 0 -3 0 6 0 18 -8 0 0 -30 28 0 11 4 24 10 6 0 0 25 426 0 -19 22 0 -30 0 -29 -18 3 0 0 10 15 -4 0 0 -19 18 0 0 31824
11 0 0 -9 0 0 5 17 -5 0 0 0 0 0 26 0 0 0 0 14 15 0 -4 18 24 29 -5 0 399 0 24 29 20 0 0 -4 0 -5 0 -21 4 -29 0 11 20 0 29 0 -12576
0 0 0 0 0 0 0 -24 0 0 5 0 0 -15 29 0 17 0 0 12 0 23 0 0 -16 1 -14 21 0 371 3 15 0 -8 -12 0 0 0 0 23 17 -21 7 18 0 -19 -17 -11 23904
-28 -22 7 0 0 0 4 -23 -22 3 0 0 -26 9 -4 0 0 0 0 -8 0 6 0 -25 0 0 0 -10 0 0 -335 0 0 0 0 -26 0 0 10 7 18 0 0 14 -13 -2 -12 -21 -26592
-23 0 0 0 -30 0 -29 -27 0 10 0 -28 0 0 4 20 -17 27 21 15 0 0 -23 10 0 0 0 -1 0 0 -3 467 -27 0 0 0 2 28 0 26 -23 0 20 0 27 0 0 -15 -4416
0 -21 0 0 5 16 -5 7 -4 26 0 0 0 0 -2 -14 0 16 0 0 16 0 0 0 29 -13 12 9 8 23 -7 0 349 1 -17 0 -16 0 9 0 0 0 1 0 0 -26 21 15 -5088
-3 0 0 0 -11 0 -6 15 -15 -21 -17 15 -2 28 12 -27 0 -29 8 -29 0 -18 0 -2 -8 0 0 0 0 -27 0 9 0 -400 0 0 0 -20 0 -9 10 0 0 0 -24 11 0 -2 6912
0 -8 21 0 0 7 0 0 0 -15 2 -14 -18 7 6 23 0 0 27 0 -18 -1 0 0 18 21 -9 0 -26 -2 12 0 -19 0 430 0 0 -16 4 0 -26 20 0 -19 28 0 23 0 -45120
0 0 1 25 0 -25 0 -11 18 0 23 14 11 0 1 22 -19 -18 1 0 11 -2 0 3 -23 0 0 -30 10 19 27 -4 -20 15 0 -461 0 14 0 0 0 0 0 -1 0 -13 29 -27 22992
-15 -4 5 -6 25 28 0 0 22 -26 -8 9 -13 0 0 29 0 0 0 0 0 5 27 0 0 -14 0 0 0 21 5 0 19 0 -18 -8 -425 0 -9 -21 0 0 -23 -2 -1 8 11 24 3072
6 0 0 0 0 8 0 0 0 -23 -22 5 22 0 0 -16 -3 0 0 10 0 -14 0 0 0 0 0 18 4 2 0 -13 0 0 10 0 16 287 -12 4 29 3 0 0 -8 0 -29 0 -47136
0 27 0 -16 21 0 -25 0 0 0 0 -3 -29 -16 0 -1 -2 3 0 28 13 0 -17 15 0 0 0 -21 0 0 6 0 0 0 17 3 16 14 -370 0 0 0 0 -7 20 7 -10 17 32112
8 25 0 0 3 0 0 1 0 -22 0 13 0 0 -15 -23 0 -3 0 0 0 -12 -2 0 0 0 -17 0 0 14 -20 0 -28 -1 0 6 -5 -9 -25 -322 0 1 6 -17 0 -30 0 2 -35904
6 25 24 0 0 0 -12 0 9 0 0 -8 6 0 0 0 -4 0 0 0 0 -1 0 13 12 0 0 0 0 0 13 -27 -26 -2 0 0 -16 0 0 0 -303 21 -4 20 -14 0 20 -4 -11664
0 15 0 0 -30 21 0 0 0 0 0 0 0 0 0 0 -30 0 0 0 0 29 -23 18 0 4 0 27 0 0 0 3 7 0 0 27 0 0 0 14 0 311 0 0 -13 28 0 0 -12720
0 0 0 0 9 -14 -4 -23 0 -25 0 -15 0 -5 -17 6 -15 29 0 0 4 -6 -29 -30 0 15 0 -20 29 -1 0 0 0 0 0 2 0 0 28 0 2 22 -449 14 -14 20 -27 0 11040
-2 25 -16 0 -8 0 8 0 0 21 0 0 0 0 0 0 0 0 0 0 -19 11 0 -21 -17 0 0 0 -12 0 26 0 -6 0 0 -23 0 -5 0 0 0 0 0 292 20 0 -30 0 45936
0 17 10 0 -2 7 -2 -21 28 22 -5 -7 0 0 -11 0 -26 0 -12 28 -21 0 0 0 0 0 0 -7 0 0 0 23 0 -14 26 -27 -11 -4 -12 0 0 0 2 0 -387 0 -27 0 31152
0 -22 0 -29 0 -21 0 -7 -12 -26 -25 0 0 0 -11 -15 0 0 0 0 13 0 21 0 14 -28 -1 -29 0 0 0 9 -30 -22 0 0 0 0 4 0 0 1 0 -16 -6 407 26 7 -1872
0 0 -15 -1 -17 27 23 0 0 -1 0 -9 0 7 0 0 -19 0 18 29 8 -5 0 0 0 21 0 14 0 -2 3 27 0 0 -24 0 -13 -14 -17 0 0 0 0 12 0 25 375 0 -27024
0 0 -17 20 0 7 0 5 0 15 -19 0 -11 0 0 0 0 -3 1 0 28 0 0 0 0 -24 0 5 19 -5 0 0 0 0 0 -10 -5 -14 0 9 0 0 0 0 0 0 0 -234 21456
