128
836 0 -12 0 0 13 0 0 0 0 -15 0 26 -2 -27 0 -15 0 0 19 -11 27 0 -23 0 0 24 0 10 0 17 -9 25 22 0 -24 0 19 0 0 0 0 0 0 0 0 0 0 -4 0 0 7 15 0 0 0 0 0 0 3 0 -21 0 0 0 0 0 -19 0 -8 0 13 28 0 0 0 15 -16 0 6 0 -20 0 0 19 6 0 19 -26 -15 0 28 19 0 -14 0 0 0 0 0 -13 9 2 0 0 0 -20 0 0 18 -12 0 0 -3 0 -4 0 0 0 0 0 19 -29 0 0 -9 17 0 -1536
0 868 0 0 0 -12 0 5 -25 22 -6 0 0 -18 0 0 0 0 9 0 0 -8 -15 0 -14 0 0 0 0 23 11 27 0 0 19 25 0 -30 0 0 0 -11 7 -17 0 0 0 0 0 -29 0 0 -18 -1 0 0 24 5 21 0 0 0 -18 0 0 -8 0 0 0 0 -29 0 -6 0 0 25 10 27 0 0 -24 -10 -22 0 0 0 0 25 0 1 7 -6 0 0 0 0 0 0 29 -7 -22 -10 -5 -9 0 25 0 12 0 -16 0 0 -11 -10 0 17 0 0 29 0 0 4 0 0 6 0 19 0 -40960
0 20 -1007 19 -26 13 0 0 0 0 -23 0 0 0 0 25 0 24 -18 2 0 0 22 0 -12 1 24 9 -15 0 0 -29 0 0 0 0 3 0 -6 0 18 0 26 14 0 0 0 0 0 0 0 -26 -1 6 6 12 0 -14 18 17 -10 10 0 0 0 0 0 -19 -29 0 27 7 0 -22 0 20 0 28 0 0 0 12 0 0 0 0 0 6 0 17 25 0 14 -16 -18 -1 27 0 0 -12 -20 4 12 0 0 26 -14 13 0 19 0 0 0 18 6 0 0 0 -1 1 -27 -6 0 13 0 0 -28 -17 41472
0 0 8 -844 0 0 0 0 0 0 4 -15 21 0 18 -29 0 17 -22 -21 0 -28 -4 25 1 0 0 0 0 0 -8 -7 0 17 -6 -11 0 -18 0 0 -5 -15 0 0 0 3 0 -8 23 0 0 -6 0 0 0 -8 25 0 0 8 0 0 -6 0 -24 0 4 -27 -23 0 0 0 0 -10 8 -27 0 20 -26 0 0 -9 0 0 0 0 -3 0 0 27 -12 -10 0 0 -3 -14 0 0 -5 0 0 0 4 0 0 0 29 0 23 0 21 -6 14 11 0 -19 0 0 0 -22 0 0 0 -17 10 0 0 12 106752
0 17 -9 12 -894 14 0 -16 0 0 0 0 13 0 0 -27 29 0 0 0 17 0 4 0 16 0 -2 24 7 20 0 0 -22 0 -10 0 0 -5 0 -30 0 26 0 0 0 4 -4 -7 0 0 -10 0 0 0 -19 -8 0 19 0 21 -23 11 0 -1 -22 -30 28 8 -22 2 0 -6 0 16 0 0 0 0 -12 0 10 0 1 -11 -23 27 0 -3 0 -13 17 0 0 -16 0 0 0 0 -16 0 6 1 0 12 -7 0 -10 0 0 0 0 -12 -13 0 0 -22 1 0 7 -1 0 11 3 -27 0 0 0 10 6144
-7 0 29 0 16 -1154 22 0 15 0 0 0 0 22 0 -5 -7 0 0 -20 0 16 0 6 23 0 1 18 0 0 0 -20 -20 15 22 -14 2 0 0 0 0 0 20 27 -1 0 -29 0 9 -10 -2 0 0 27 0 0 -30 0 0 -24 13 -12 0 -23 0 0 0 -26 0 5 0 0 22 -13 13 -24 24 29 20 0 9 -9 -15 -15 1 0 0 17 0 0 -30 25 0 18 -17 0 -26 0 0 0 0 -30 23 0 -22 0 -2 0 0 0 0 0 17 2 -23 0 0 0 -27 0 0 -29 15 10 -29 17 -6 5 30464
0 21 18 0 17 0 -1212 29 28 0 -27 0 11 0 -11 -17 12 27 0 -19 -8 0 -20 0 27 27 21 0 -14 0 -5 0 -16 13 0 0 27 13 0 0 0 0 22 0 16 -6 0 -22 2 0 0 0 10 25 29 0 -6 -8 18 0 17 0 25 25 0 1 10 0 0 0 0 7 0 0 20 8 0 0 0 -28 -29 -12 -11 0 -24 0 -1 19 -14 -12 0 -29 0 21 -14 26 0 0 -8 0 0 13 0 0 -12 -9 0 0 0 -25 -9 -21 0 25 25 -8 -28 0 -6 21 1 4 0 0 0 0 13 -19 18432
-7 0 0 0 7 -30 24 1035 0 0 0 0 -3 -21 12 0 0 18 -11 -28 25 0 0 -24 0 13 0 0 0 0 -14 0 16 0 17 21 0 -11 8 -14 -30 0 -25 28 -14 0 0 0 0 0 0 0 0 0 0 0 -12 0 0 0 0 24 0 0 -12 0 24 -12 -11 0 -17 0 -26 -15 -21 0 0 -25 8 -20 2 0 0 -20 0 0 27 18 0 26 0 9 5 -7 0 0 -20 -26 0 0 5 0 0 -16 0 0 28 24 5 4 0 -25 0 0 0 -26 21 0 25 0 0 0 -18 0 -12 0 0 0 -125312
0 -27 0 0 -25 -16 9 0 1020 0 12 0 0 0 0 -11 -4 26 3 0 0 25 -18 0 0 0 0 -13 -20 0 19 0 22 28 8 -18 -5 0 0 0 0 -23 -22 -19 -16 0 0 -18 0 16 -30 0 0 0 -6 0 6 0 7 0 -20 -29 -18 0 0 -20 0 0 0 6 0 22 0 20 0 -12 0 0 0 -19 0 0 5 13 18 14 26 0 0 0 -21 -15 0 0 0 0 16 0 0 0 -5 0 0 8 15 0 0 0 0 -14 22 -23 13 -7 -9 -19 28 0 0 9 5 0 0 0 -5 8 11 29 -60672
28 0 0 28 -1 9 0 0 8 949 -16 0 21 5 -15 0 0 0 -16 -11 0 -21 -1 -24 0 -22 0 0 -11 0 -5 2 0 0 0 0 0 0 0 0 0 -4 23 0 23 0 -30 0 -30 -14 -20 0 -2 0 0 19 0 -9 29 22 -13 25 -3 -17 0 -2 0 -11 0 0 28 11 -19 26 0 -12 -19 22 -4 0 -8 0 0 -16 26 0 0 0 -2 0 0 0 0 0 -2 0 10 0 0 0 0 0 -11 0 0 0 -11 0 0 27 0 -26 1 -7 -3 0 0 20 0 12 -12 0 -8 0 14 22 0 11 28160
0 0 0 -26 -25 -28 0 14 0 0 -1061 0 25 0 0 0 15 0 0 0 -20 13 19 -5 21 0 18 0 0 -27 0 0 -20 6 -12 -12 0 21 0 -2 9 15 0 -1 0 0 -20 0 0 -14 0 -3 -7 0 0 20 20 18 -4 0 27 -19 0 10 0 0 -9 -18 0 0 0 -17 8 15 5 0 -30 0 0 0 3 0 14 7 -9 -23 -18 -28 0 -22 2 0 0 -4 -13 0 -26 14 0 -29 -25 -11 -6 0 20 0 0 -18 23 0 1 -1 0 0 0 -10 0 -26 0 27 0 0 0 0 -14 -29 0 4 -74112
0 18 0 0 0 0 0 0 0 0 -8 -814 -18 -2 0 15 -26 0 -12 0 0 15 24 16 26 6 0 0 16 0 0 0 0 0 -9 0 0 0 0 0 -14 -11 -20 0 0 -19 1 -15 27 -7 0 0 0 0 0 0 -8 21 0 0 -1 13 -17 0 0 0 26 0 25 0 23 0 -2 -16 0 23 -17 -9 12 0 0 0 0 -4 -10 0 -14 -5 0 0 0 0 0 -13 0 0 -2 22 0 0 0 -4 0 0 2 0 -12 -17 21 -26 22 0 18 0 0 0 0 0 -21 0 22 0 0 12 0 0 0 10 79616
0 0 9 0 1 0 -19 -6 0 0 -9 13 993 0 0 -24 6 9 19 -23 0 0 0 0 -20 29 0 0 0 21 -8 0 0 0 -6 0 0 0 0 0 -13 -13 0 -12 0 -15 -16 0 0 5 -19 -13 17 13 0 9 0 -6 0 0 -10 -28 0 0 3 -11 0 -27 -11 -21 28 -5 0 0 0 0 0 0 -25 29 0 0 0 -21 -30 0 0 -17 -16 0 25 0 0 24 0 -26 -28 -6 0 13 0 0 -22 2 0 0 22 -19 0 0 0 -22 0 0 0 -28 0 -20 -13 0 0 0 -28 0 0 0 -17 0 -116736
-3 2 0 0 18 21 0 24 -14 25 1 0 0 937 0 0 -7 0 0 0 0 18 4 0 0 0 9 0 1 26 0 0 -17 17 13 0 21 0 -28 0 -13 0 -2 0 -18 28 0 -20 29 0 12 0 0 28 24 -5 0 -22 21 26 -19 0 0 0 3 -17 0 0 0 0 0 -1 0 11 0 0 0 0 0 -17 14 0 0 -30 0 0 0 -11 -2 0 12 0 25 0 -10 0 0 26 0 0 4 -10 -26 13 -11 9 0 0 0 -12 0 25 0 0 -29 23 0 0 -14 0 0 0 0 0 -29 6 0 0 3456
0 -22 0 12 22 0 0 0 0 25 -18 -11 7 0 1057 0 16 -9 0 0 0 -10 -20 0 -24 0 20 17 0 0 17 0 0 19 15 0 6 -12 0 -21 0 -8 -30 0 28 9 16 0 0 0 -2 0 6 0 -9 -1 0 9 0 11 0 -27 12 7 0 -22 -29 0 -25 0 17 0 0 0 0 -30 -12 23 -20 -1 -1 0 0 25 0 -27 -24 -5 25 13 17 -17 0 0 0 0 0 0 0 15 0 0 24 -25 0 -20 11 0 -23 0 0 0 -9 10 -3 0 0 0 0 0 25 0 8 -16 0 0 0 25 77568
22 -24 0 0 0 0 3 0 0 -14 9 0 0 24 0 1003 4 0 0 -11 -16 27 0 0 -23 -1 0 1 28 0 0 0 0 0 0 0 0 -14 0 3 0 14 -18 0 -17 -11 -28 -9 0 0 -12 -28 0 0 5 0 18 8 13 3 0 15 0 28 -20 0 0 2 16 -29 -9 0 0 23 0 0 0 15 0 0 12 0 0 19 0 0 -11 0 0 0 0 18 0 0 -13 0 0 0 27 23 26 -15 -1 0 0 0 0 29 -28 5 28 22 -29 -27 -7 0 0 0 -5 1 -22 11 14 23 0 0 -1 -1 -124416
0 -19 0 -15 9 -24 0 -7 0 -3 1 18 0 11 14 0 1024 -20 -10 -28 9 7 4 -22 -30 17 3 -23 0 0 0 8 0 -16 0 0 0 8 9 -7 0 -21 23 7 -15 -16 0 0 0 0 0 11 0 1 0 17 0 1 -22 -25 25 0 -25 0 -10 -17 0 -3 0 0 0 -15 0 8 13 -18 0 8 0 5 0 7 0 -14 0 -19 0 0 -12 13 0 12 0 29 0 -27 -10 -1 0 11 7 0 0 27 0 6 0 0 0 0 -4 -7 0 0 -30 -30 -15 0 0 0 8 12 4 0 -7 20 0 -21 96256
0 0 -25 0 0 0 0 -4 28 0 4 -16 0 -8 0 0 4 -1087 0 0 0 -24 -26 -28 0 0 0 0 -30 0 0 -25 0 0 -30 -14 0 0 -6 0 9 -11 0 0 0 -20 6 -27 0 0 -21 0 0 0 8 29 25 0 0 13 -23 -23 12 -8 2 0 -11 14 5 0 8 -30 0 0 6 -28 17 13 0 0 26 0 0 0 0 16 17 19 16 28 4 0 -18 22 0 0 -14 -3 -27 0 0 -18 0 2 0 -11 0 0 5 0 21 -25 0 8 0 -8 0 0 -28 8 -10 0 -10 17 -19 25 0 0 32512
-9 -10 26 10 16 7 0 0 0 -16 29 0 0 3 0 0 -10 21 -854 18 22 0 -26 -10 0 -23 0 17 0 1 17 0 0 -30 -25 8 0 0 0 0 0 0 0 0 22 0 0 0 16 1 4 0 0 13 0 0 -3 0 19 26 10 0 -24 0 3 -16 0 0 -23 0 0 0 0 8 0 0 0 0 22 0 0 -7 0 0 0 0 0 -24 -22 0 0 10 0 -8 0 0 6 0 -5 0 11 23 -6 0 29 0 9 0 0 0 0 0 0 0 0 0 29 0 0 -28 0 -3 0 -30 20 0 0 0 -67968
0 -17 0 20 0 23 -17 0 0 17 0 19 4 2 0 0 0 0 -4 -1023 12 0 0 -24 -26 -8 0 0 -19 10 -30 10 0 0 0 10 0 0 0 24 -26 26 -23 0 -27 12 12 0 0 11 -12 0 16 -15 0 0 0 23 23 0 0 7 0 2 0 0 13 0 15 0 0 4 14 0 0 -15 0 -26 -18 0 15 -5 0 0 25 0 0 -26 -2 0 23 0 0 21 -25 0 28 0 13 0 0 0 0 0 0 -23 -23 0 0 0 -6 0 4 -18 -14 17 0 0 -26 -11 -22 0 0 0 1 -22 -7 0 109440
-6 26 0 0 -29 0 18 0 0 0 0 -8 -3 0 -7 0 9 16 -8 0 -1074 0 -27 0 0 23 25 0 0 -9 9 0 0 0 0 0 7 0 0 -22 0 0 -7 1 0 -8 0 -14 -27 0 9 0 0 -13 0 -29 21 21 0 0 -22 0 1 -21 -20 -7 10 -1 -14 0 26 5 -13 15 0 0 -24 0 0 -22 8 -15 28 0 -6 0 16 -26 -8 0 28 -22 0 0 3 0 -9 -9 8 -20 -9 0 -15 0 25 2 12 14 7 3 0 0 0 24 12 -30 -26 0 20 0 0 0 0 13 4 0 -14 14 38400
0 -3 0 0 26 0 -8 4 0 9 1 0 0 -22 -23 0 -24 0 0 1 -5 940 8 0 0 -7 27 0 0 0 0 24 6 -1 0 0 0 0 0 3 -15 7 0 0 0 -30 -16 -24 0 -30 0 -18 -20 0 10 0 0 4 0 0 23 -15 24 15 0 0 0 0 0 -24 0 0 -30 15 -23 5 0 6 0 19 0 0 0 -8 0 0 -29 -23 -11 0 0 0 -2 16 -20 20 0 0 0 -5 0 0 0 -10 28 20 4 0 0 -13 -4 8 0 -14 11 4 23 0 0 0 -5 0 8 6 -16 0 -18 29 56320
0 17 -5 0 -24 0 -6 19 0 29 -22 20 0 0 0 0 7 0 0 0 0 0 -991 -24 0 0 14 -1 23 15 0 0 0 0 23 0 -5 6 0 0 0 0 5 0 -16 -29 6 0 28 -16 -18 0 27 0 20 0 -22 0 0 0 -3 -21 26 0 -29 0 7 -4 0 0 0 1 0 -2 0 -20 6 0 0 -16 -6 0 -12 0 -12 0 -6 -27 0 0 -14 0 21 0 5 0 0 0 0 -29 9 22 -2 -19 22 -27 0 15 18 -2 0 0 0 7 0 -23 16 14 0 -28 0 1 0 -12 -6 0 12 0 122496
17 -8 14 8 28 12 0 0 23 -3 1 0 11 -20 0 15 0 0 0 0 0 20 0 -1086 0 -23 9 0 0 -5 -4 0 -12 -14 -9 -7 0 -30 0 0 -18 27 0 0 13 -30 0 -27 0 -15 0 -28 -24 -2 0 0 0 0 13 22 -7 10 8 0 14 -24 28 0 0 0 6 -16 0 13 0 0 0 0 0 2 23 -8 -26 0 0 7 24 -8 -15 -1 0 6 -26 -18 7 -26 0 0 0 0 -11 0 -27 0 10 8 -8 13 0 0 0 -24 0 -5 14 -8 0 0 7 -27 0 0 22 5 0 -17 -17 6 65664
0 21 0 -22 0 0 0 0 16 0 0 0 0 -14 17 0 0 0 -26 -20 0 -16 -9 24 -963 0 -28 0 0 0 -6 27 0 0 0 -29 28 0 -28 0 -23 -29 -9 0 -15 9 -29 0 0 18 13 0 -2 0 0 0 17 0 0 -3 0 0 0 0 0 0 0 -28 15 -16 -24 0 0 26 22 0 0 0 0 0 23 0 -12 7 0 0 0 0 -12 -29 0 -30 16 0 0 -26 0 0 -18 0 0 0 0 4 0 -7 -1 0 -3 0 12 -10 0 29 19 0 0 -30 0 0 -1 0 0 -8 0 16 0 0 -88960
23 -21 -17 0 -5 0 -24 20 0 0 6 0 2 0 16 1 2 4 6 -27 0 -5 0 7 -1 844 0 0 16 0 -16 0 0 0 17 0 0 0 0 -29 -2 -8 0 0 26 0 4 0 11 0 -11 0 0 0 -5 22 0 0 -8 -12 25 0 0 -20 0 -24 0 2 0 0 0 0 -5 13 -6 -18 -18 0 -3 0 0 -19 0 -9 0 -30 14 0 11 0 0 0 -27 14 0 0 0 0 19 26 0 -22 0 20 8 0 0 0 29 0 0 -13 0 0 0 0 0 0 15 0 10 23 0 0 6 0 0 0 -127872
0 0 29 -29 0 -20 0 -9 0 -22 24 0 0 0 0 -20 -5 -9 -25 0 -16 5 0 0 0 0 -1012 9 0 -30 0 0 1 10 0 0 18 3 0 16 -15 28 -15 -2 0 0 26 0 0 -5 10 0 0 -25 26 0 0 0 -20 3 0 0 17 -17 0 5 0 0 0 11 0 -2 0 0 -28 -19 11 -3 0 -24 0 22 25 0 -30 0 29 0 0 -12 -2 -3 0 0 0 0 -11 14 0 0 0 0 -12 -20 0 0 -25 0 0 -10 -3 0 0 0 4 6 0 0 -24 0 23 22 -28 -16 -23 -9 0 17 47232
0 -19 0 -9 0 0 0 0 6 -2 -25 0 0 0 0 0 -17 0 0 24 -21 0 -2 -7 -23 0 27 -1133 12 18 0 0 0 0 -29 0 -24 12 -29 4 0 -29 0 0 0 0 16 0 5 -1 19 0 29 0 -30 0 28 4 6 0 20 0 -13 0 -30 -14 -10 11 24 0 -29 0 0 -17 -8 0 0 0 0 28 0 -14 0 0 22 -11 0 10 -2 0 20 0 -27 -20 15 -11 0 0 25 0 0 0 2 27 0 0 2 11 6 24 2 -9 0 -1 21 -7 12 13 -28 0 -21 19 23 0 4 -24 0 0 27008
0 -23 -24 29 -16 0 -14 -17 0 0 -2 0 20 0 0 -17 0 0 0 20 0 0 -4 0 -14 -19 -6 9 865 16 0 0 0 -22 0 25 0 0 0 24 0 14 0 25 -2 5 0 0 -9 0 -13 0 1 -1 0 0 -4 0 -4 0 0 0 15 0 0 4 10 11 0 0 0 0 17 4 0 -25 -14 0 0 0 0 0 5 0 -18 0 -13 -15 11 0 4 4 0 0 0 0 17 -2 -6 -30 11 -5 0 8 0 0 -27 0 0 0 0 -20 7 -7 0 4 3 -27 0 25 25 0 -24 0 0 0 0 24 14592
14 0 0 0 0 3 0 0 -23 0 -20 0 27 -18 0 0 28 0 22 0 0 -9 27 0 29 16 -15 0 -8 -1033 -20 0 0 0 -20 0 -1 -3 0 0 8 0 29 0 0 0 8 0 24 0 -14 0 0 26 24 0 -6 0 0 20 0 -2 -11 -29 19 0 -10 0 -24 0 0 0 0 0 0 -15 27 28 19 -24 6 17 16 0 0 0 0 0 0 0 23 0 -22 0 25 -11 0 0 0 2 23 0 -1 6 21 0 -12 0 28 0 0 -11 21 0 9 -14 -17 0 15 -25 9 -10 0 0 0 0 -8 0 62080
0 -27 0 0 0 -20 18 0 23 0 0 -3 0 0 -24 0 -20 0 -6 0 6 0 0 -1 -12 0 6 0 17 3 -901 -6 15 0 1 -4 0 0 0 0 20 -27 -2 6 0 0 29 0 -22 13 -12 -8 24 -4 0 -11 10 0 -8 -10 0 0 28 1 0 0 0 -19 0 15 0 -23 0 0 -22 0 0 11 0 28 0 0 -6 0 0 0 -10 0 27 25 0 2 13 0 10 -9 0 3 -25 -27 -6 -14 -27 0 0 0 0 -17 0 0 -2 -4 -4 22 0 -15 0 -10 0 0 -24 0 0 0 16 0 0 0 -49664
23 0 0 0 2 9 0 0 1 28 0 28 18 0 0 0 25 0 0 0 -25 0 29 0 9 23 0 0 0 -8 25 920 0 6 -6 0 24 27 0 0 0 0 8 0 0 10 -22 3 -5 0 9 7 1 25 0 0 12 0 0 -15 3 -10 15 0 0 20 0 -10 0 -27 0 0 0 -18 0 0 0 0 0 -23 0 -8 0 17 4 -20 0 0 6 -18 28 13 0 0 0 0 0 5 0 0 0 4 18 0 0 0 0 -22 -6 27 0 0 -18 0 25 0 0 6 -7 21 -10 0 0 28 -22 6 4 0 -69888
0 0 0 13 11 0 8 17 0 0 0 26 0 25 22 17 -25 22 -7 0 0 28 7 -24 -10 -22 8 0 0 0 0 0 -960 -14 0 0 0 0 0 0 0 0 0 0 0 1 0 -22 17 0 -7 8 17 0 0 0 -22 0 0 0 0 -19 -23 -25 0 -10 7 -15 0 0 0 0 0 -24 0 12 -12 19 0 20 0 0 0 9 0 -6 0 9 14 0 -15 0 -20 0 21 23 0 0 -18 21 -13 26 0 26 0 1 0 0 0 -1 28 -5 -27 0 0 0 0 0 3 0 0 -16 0 -28 0 28 0 0 -106752
19 17 16 -12 -8 -7 0 0 8 0 13 -25 6 0 -28 -20 0 -7 0 -19 0 0 17 0 -29 0 -29 -6 -13 -23 -18 0 0 -1264 23 -27 -8 0 -27 1 24 0 0 28 0 21 0 -15 0 0 0 21 0 0 9 0 4 -26 27 0 -10 14 20 10 4 0 24 0 -7 5 0 0 26 28 -4 4 0 0 19 -25 -11 0 0 12 0 19 16 6 -21 22 10 0 -20 13 0 -30 14 28 -24 -20 0 7 -21 0 13 0 0 -28 -29 0 0 0 0 0 0 9 0 -7 -18 6 0 0 -20 0 -10 0 0 -8 119808
2 29 18 0 0 26 0 -20 22 0 -2 0 0 0 0 0 0 0 0 0 0 9 0 0 0 -12 -25 0 0 1 -27 0 -5 -18 -1095 0 0 24 28 0 -20 0 0 0 0 -29 0 0 -30 -10 29 -2 0 0 -11 -7 0 -9 -9 27 0 0 0 -19 0 28 -15 0 0 -11 0 17 -21 0 -20 0 0 0 28 0 0 0 -21 0 0 2 -5 21 0 0 -22 0 0 0 5 0 29 -5 0 -29 23 -30 0 0 21 24 0 -13 24 0 0 -20 0 -8 -24 -19 21 -3 7 -5 0 -22 9 0 22 25 0 -5 -91136
-28 0 -16 0 -13 0 12 0 0 0 0 11 0 0 0 -26 0 0 0 -2 -13 22 0 0 -3 0 5 10 0 0 -20 24 8 -10 0 -866 -6 0 0 0 -18 -22 -21 0 0 -25 0 10 -6 0 27 13 -2 0 0 0 0 0 -29 0 0 0 0 0 6 1 7 -19 -22 0 0 0 0 0 -5 14 19 0 9 0 0 25 13 0 -11 13 0 -19 22 0 0 0 -25 0 0 -10 0 0 -24 19 0 0 0 0 8 0 -5 -22 0 23 0 0 -19 0 -14 15 -24 6 0 0 2 0 0 10 17 0 0 -2 72448
-11 -13 0 0 4 -16 -14 0 22 0 26 20 -1 0 0 0 0 0 -4 0 13 0 22 -13 0 0 -3 0 10 0 6 29 -20 0 3 0 912 9 0 -25 25 0 0 -5 0 8 0 27 0 7 0 -17 0 0 0 3 0 -2 0 26 0 10 0 29 14 0 -16 0 -27 22 0 0 15 -18 0 0 -8 -25 0 0 0 0 0 19 0 -4 20 -24 0 0 0 0 0 0 0 0 0 0 9 0 0 -13 13 0 -16 0 25 0 -17 26 0 -14 0 0 0 0 0 0 10 -25 0 -21 0 -1 0 28 20 0 22272
0 0 28 0 0 22 0 -15 0 9 0 15 -23 0 25 0 0 0 0 0 -28 13 0 25 0 -6 -16 22 0 0 -21 0 0 0 25 -27 0 826 0 5 -7 0 0 13 3 0 0 26 0 10 0 0 0 0 9 -9 9 -13 0 15 -3 -4 -12 0 22 0 0 6 13 0 -5 0 0 0 0 0 0 15 0 0 -8 0 0 -5 17 0 28 0 0 0 0 0 0 0 0 0 0 14 0 9 0 28 -27 9 -28 0 0 0 0 0 0 0 3 18 0 -21 -5 -10 0 0 0 0 21 -26 13 0 0 1 55296
0 19 -6 -23 22 -16 0 0 0 0 0 0 0 -17 -22 0 14 -2 0 8 -8 0 9 0 13 0 0 0 28 0 0 16 0 0 -11 -21 0 15 1053 16 -27 0 0 14 27 7 0 0 0 -20 0 0 0 0 0 0 0 -8 0 -26 -1 0 0 0 6 0 0 0 14 -27 -3 9 26 18 0 0 26 -17 -1 16 13 -26 0 0 0 10 0 -18 -29 0 0 0 -13 28 0 19 0 24 12 0 -6 0 0 29 0 -23 -3 -26 0 6 0 16 0 0 0 -29 -28 0 -13 -6 -26 -26 23 0 0 0 -1 0 75264
0 0 0 0 0 0 0 0 0 5 6 2 0 0 -9 9 0 0 18 0 0 -10 0 0 0 0 0 0 -30 0 -10 -20 -19 0 0 0 12 0 0 -753 0 -22 -30 0 0 -25 0 0 0 0 1 0 5 0 3 -17 26 0 0 -24 0 -12 0 -11 0 -9 23 22 0 -15 -1 0 21 0 19 0 0 0 0 0 7 -29 0 0 0 6 0 3 0 -13 -6 18 0 -12 13 0 10 25 -11 0 11 -3 0 0 0 0 0 0 0 13 0 0 0 0 0 4 -10 -10 20 0 -29 -2 0 3 -19 -20 0 0 89600
-15 0 -16 -30 0 0 -11 0 0 28 -16 25 -6 -22 0 4 18 29 4 0 23 0 0 -10 0 9 -26 0 2 0 0 -22 0 0 -18 4 0 21 0 -4 1060 27 0 0 0 0 3 0 0 -29 0 0 0 0 0 0 0 0 0 0 12 11 0 -26 -1 0 18 -27 -9 19 0 0 28 0 0 -16 -27 5 -2 0 0 0 -26 0 0 0 0 -16 0 -23 -27 0 -27 0 0 0 0 0 -12 0 0 0 -21 0 -19 26 0 -8 -25 15 13 0 0 14 -21 16 24 -17 0 0 0 0 0 -21 -23 0 2 -24 -44544
0 0 -8 0 0 -8 0 0 0 0 -22 0 11 16 -25 0 0 0 0 7 -21 0 14 0 0 -21 27 9 2 0 2 0 0 0 0 0 -29 0 0 0 -3 -899 -11 21 -17 0 -27 0 0 18 0 -10 10 -1 0 -13 -18 9 0 0 25 0 -15 -14 0 0 -6 4 -26 0 0 -21 0 0 0 29 24 28 0 0 0 -4 0 0 -30 0 0 3 0 -30 0 0 -27 0 -26 0 2 0 0 0 0 0 0 11 0 0 20 27 -9 11 -26 0 0 0 0 21 -16 0 0 0 0 -25 0 20 0 0 0 -1 -81792
-24 0 0 -5 0 11 -4 0 0 0 0 0 0 14 0 0 0 0 -21 0 0 -6 4 0 -27 0 0 16 -28 10 0 -10 0 9 -12 0 0 -3 0 -9 -12 -27 -806 0 0 -5 -21 0 0 16 0 0 0 0 -23 0 0 0 0 12 0 0 27 -20 -18 27 4 15 0 0 16 0 0 6 -9 -2 0 6 5 0 0 0 -17 0 0 0 -14 0 0 0 11 2 -21 0 15 10 0 24 -24 0 0 0 -7 -26 0 0 0 9 -2 7 0 0 -9 0 10 27 0 0 -24 0 15 0 6 0 3 0 0 18 41216
7 0 0 0 -7 0 25 0 -22 -9 13 22 0 0 0 0 15 0 0 0 0 0 0 16 -2 -23 21 0 -16 9 0 7 0 0 0 6 -23 -11 0 0 0 -15 -5 -777 0 0 -22 6 0 -15 -3 0 -29 0 0 15 20 11 0 -6 0 0 0 13 0 0 4 11 7 0 0 0 -26 0 -10 7 0 -3 -26 26 0 -10 0 25 0 0 21 0 0 0 0 -18 0 0 -12 0 0 0 0 7 14 -21 0 -26 0 6 25 0 0 0 0 11 0 0 0 0 0 23 -8 0 0 0 0 4 0 0 0 2 11904
0 0 15 29 0 10 0 0 -11 -11 4 0 -6 0 12 0 -20 0 4 -13 0 8 9 0 0 -20 0 0 -13 8 11 3 -11 10 0 0 10 0 0 -26 26 0 6 -14 876 -16 0 0 0 -19 0 0 -14 0 0 -23 0 0 -24 0 -16 0 27 -2 0 2 9 0 0 -19 0 -7 0 9 0 0 0 8 -27 18 21 15 9 0 0 -8 0 0 0 0 19 0 18 0 0 0 0 0 -4 0 24 -1 0 0 -13 0 10 0 -28 0 0 1 0 1 0 -26 -6 0 0 0 0 -2 0 28 -6 21 -29 14 94720
23 -29 21 0 0 -2 0 -18 27 8 0 0 -22 -10 0 0 0 11 -12 -10 9 0 0 0 0 0 0 0 25 15 -23 0 0 0 0 0 0 -23 0 -24 0 0 0 10 -24 -981 0 0 0 2 -17 0 -15 0 -16 21 0 0 29 -29 -2 -1 0 0 0 -4 -23 0 0 4 0 0 0 0 0 26 0 0 -27 0 0 11 -24 0 25 0 0 0 22 -13 0 13 0 19 24 0 13 0 25 0 28 0 0 -30 0 17 0 0 3 -11 0 0 -5 0 0 0 18 0 0 9 -12 0 -22 -15 13 15 0 11 35968
8 -13 13 -2 0 -14 24 8 19 -10 -14 0 21 -7 -8 18 0 0 0 0 23 -18 0 -12 0 0 0 -14 0 12 0 0 22 0 0 13 -12 15 0 -27 25 -18 0 0 -12 -8 1069 0 9 -11 -21 -26 0 0 27 0 -15 -10 0 -6 0 -17 5 12 3 -15 0 12 0 21 23 -14 4 -22 0 0 0 -5 0 22 0 0 0 -16 0 0 -3 0 -20 -3 2 0 0 15 0 15 0 -24 0 20 0 2 -22 0 0 0 -30 -22 0 6 21 -11 20 -11 0 0 -17 4 0 0 0 25 19 0 -12 -5 0 0 60544
0 9 0 0 7 0 0 16 0 -12 0 11 0 0 10 -29 0 0 0 26 5 27 0 14 -13 0 0 4 0 23 -23 0 0 -19 16 6 0 -23 0 0 -20 0 4 20 -25 -17 -17 -947 -11 0 -4 -17 0 0 -27 0 0 0 -20 0 15 0 0 0 7 0 4 0 0 22 0 -23 0 -10 0 0 24 0 -4 -12 -5 0 -19 0 0 0 27 0 0 0 0 0 0 0 -10 28 -21 0 25 -2 0 8 3 0 0 -28 0 25 19 20 11 0 8 0 0 0 0 0 0 14 0 -24 0 5 0 -3 2 -22 63104
0 0 0 -23 -3 0 -16 0 0 0 1 0 0 0 -9 -17 20 15 0 15 7 0 18 -22 5 0 0 13 7 -21 -12 0 0 0 22 0 -14 3 0 -14 0 -14 -6 0 0 0 0 11 1148 0 0 29 0 -13 -22 1 -16 0 -4 11 0 20 0 9 -26 0 -24 -19 -30 13 21 0 21 27 0 0 22 23 -18 -23 26 0 0 -28 28 0 11 0 -14 0 0 -8 0 0 0 0 0 -19 0 0 0 0 0 0 9 18 0 -15 0 24 6 -19 10 0 0 -28 0 0 0 0 -25 -8 6 -10 -29 -29 27 -27 -14464
0 -26 -22 0 -27 0 -3 0 0 0 -2 0 0 0 15 0 0 0 0 0 0 0 -27 0 21 -26 -17 24 -4 29 0 0 0 0 -23 0 14 -26 0 0 -7 3 24 -21 -20 0 0 17 -25 1103 21 -22 0 26 -25 0 0 -12 -15 0 -3 17 18 0 20 -12 0 -28 0 23 -7 -27 5 0 14 21 0 14 0 -12 8 0 -12 15 0 -16 0 -1 0 22 0 0 25 -1 0 0 0 0 -25 0 -15 -7 10 -27 23 -7 0 0 3 -2 0 2 0 0 0 0 0 1 0 -20 -4 0 10 -16 0 29 21 0 120576
0 0 0 0 -2 0 -9 0 0 0 17 26 0 5 -3 0 0 0 13 -16 25 10 16 -21 0 0 0 -12 25 -28 0 0 -18 15 0 0 0 0 0 -29 -26 4 0 0 0 -4 0 5 26 0 -979 -29 22 0 -25 0 -1 0 25 -28 -21 0 0 12 25 5 0 -27 4 0 5 0 0 15 0 0 0 0 -19 11 3 -27 0 0 0 -9 0 0 3 9 0 -21 0 0 19 0 -3 -5 0 -28 0 5 0 0 3 26 0 5 -6 -29 0 -28 0 -3 0 0 0 0 -1 29 -30 0 -30 0 0 0 1 10 89600
-14 -10 6 0 0 7 29 -10 0 0 29 2 -17 0 8 -27 0 0 -8 0 0 28 0 -28 -2 -16 -30 0 0 7 -13 0 0 -19 0 0 0 0 0 0 -19 -30 6 2 0 0 -29 0 0 0 20 937 0 0 -7 0 0 0 0 0 0 0 0 0 -25 8 9 0 -27 0 17 0 -6 18 0 0 15 0 -7 3 0 19 6 0 0 22 0 24 20 -16 0 0 0 -4 28 0 6 0 29 -18 5 0 -19 -5 3 1 0 -9 1 0 0 -20 -18 5 14 0 0 14 0 0 0 0 0 0 -20 0 29 -13 -104064
0 28 -30 0 -18 0 0 15 0 0 7 13 4 0 28 0 25 0 0 0 0 -18 0 0 -12 0 0 0 10 0 12 22 2 0 -30 0 0 0 0 -15 19 0 -29 0 0 -1 -21 -13 0 0 0 -16 990 -8 -17 0 -17 0 21 0 29 -9 19 0 0 0 -5 -21 1 0 0 -28 0 0 -4 -10 0 0 5 -8 0 15 13 0 17 20 13 -8 0 -19 -13 -11 -5 0 0 0 0 3 -12 -11 0 -28 0 11 11 5 0 0 18 18 0 0 2 -18 0 0 -15 -19 0 0 0 0 0 22 0 14 14 -28 48896
0 3 0 -10 0 0 18 0 26 0 22 11 -29 6 0 0 0 -2 -1 27 0 8 0 0 -28 -1 14 0 0 5 0 0 0 0 0 9 28 -18 21 0 0 0 0 0 -20 -21 0 0 0 16 0 -9 0 -863 -1 0 0 0 0 0 -1 -4 0 0 15 0 0 0 0 26 18 0 11 -19 -4 0 0 -17 27 22 0 4 3 0 0 0 -29 0 0 0 22 0 -8 4 3 0 0 0 0 8 7 11 27 -7 0 0 -7 0 0 0 -6 0 23 -15 0 10 0 0 20 11 0 0 -23 -29 19 1 -11 15 -126848
27 17 0 -24 0 -20 0 -30 0 0 -24 0 0 -11 0 -23 0 -4 0 -22 0 0 -19 2 0 0 24 -14 0 8 0 0 18 0 -27 0 0 0 23 0 0 0 5 0 0 0 29 3 26 -2 -10 0 0 0 975 -20 0 0 0 0 0 0 -1 0 -7 16 -6 0 -7 0 -22 24 19 0 -19 -11 0 -10 0 0 0 -7 -16 0 0 -26 -17 0 0 -9 7 0 -25 -7 -27 0 0 -15 -4 0 0 0 0 25 0 14 0 0 0 -23 0 -20 0 0 28 0 0 0 -24 -15 -11 17 19 24 0 0 0 0 -121344
11 0 -6 -14 -4 16 -1 -7 0 10 -27 -3 12 -1 0 0 27 27 -26 0 -2 22 -29 -19 0 -4 6 -12 0 0 -6 -30 -8 -3 0 -14 0 0 -9 11 5 0 8 -2 -17 24 15 -21 0 0 0 -13 -24 23 26 1147 -22 0 12 -7 0 23 0 20 0 0 13 2 0 -3 0 0 1 0 0 1 1 17 0 0 3 -7 -9 -29 -1 -13 -29 0 0 26 0 0 0 25 8 0 -20 -5 -23 0 0 -20 0 0 -13 10 0 12 28 -6 29 -26 -2 -3 0 0 0 22 13 0 15 0 18 -11 0 0 -27 5 88064
0 -21 0 0 -20 0 0 21 0 0 0 0 26 20 0 19 0 -9 0 0 0 0 0 0 0 26 -22 -7 0 -28 0 11 -9 -1 -14 0 -25 -10 4 0 0 -21 17 0 29 0 -16 0 -14 0 19 27 0 -2 -24 0 1072 0 3 0 0 0 -23 0 0 20 0 -14 14 0 -29 -14 0 0 0 -6 0 0 0 0 -11 -16 0 0 28 0 0 18 27 0 13 0 -15 0 21 0 0 -9 0 24 0 4 14 14 -4 0 -23 -25 0 0 0 28 -29 0 0 0 25 -6 -28 0 0 0 0 27 27 16 0 23 -81664
0 -12 0 0 0 0 24 -21 0 3 0 21 0 5 -27 5 0 23 -5 0 0 -12 0 -5 16 11 -17 1 0 2 9 -26 0 0 -30 0 0 -30 0 0 0 0 28 0 15 8 3 20 0 -16 8 16 -6 0 0 0 4 1025 27 0 0 -18 0 -2 0 0 -14 -9 0 3 0 -7 26 -11 16 0 0 3 0 17 29 -3 -2 0 -22 0 -9 -19 0 0 0 16 -19 0 27 -29 8 -3 0 0 -12 1 26 8 0 29 19 0 0 -26 -21 -6 -26 0 0 0 -16 0 0 0 -8 0 -20 0 -10 0 15 0 53888
0 26 -21 0 0 0 -7 0 0 -19 0 0 -13 -2 -11 3 4 0 0 0 0 15 0 0 0 0 0 2 2 14 0 -26 4 3 15 21 0 -13 17 0 -8 0 -7 -23 20 7 0 0 -10 0 -28 0 -2 0 -18 0 0 0 -884 12 0 -29 0 0 -21 0 0 2 0 0 -4 0 0 -11 0 0 -1 26 0 0 0 0 25 26 0 -24 0 0 -22 -17 0 0 0 -8 -11 0 21 0 25 0 -26 0 -1 -4 -16 0 0 5 0 -16 23 -19 0 -20 0 0 0 0 12 0 0 16 -14 28 0 0 0 19 32128
-17 0 0 0 -23 10 -19 -17 -29 0 0 4 5 0 0 -5 0 26 0 12 0 0 22 8 0 10 10 22 0 0 0 -23 -26 0 0 0 0 -22 0 0 -12 0 0 0 0 -12 27 0 0 0 -15 0 26 -6 5 0 27 2 0 -1073 -22 0 -12 0 28 23 0 20 21 13 0 22 0 0 0 0 -8 -30 27 -11 0 0 -15 -29 7 -7 6 18 0 0 23 0 -1 -15 0 0 11 0 0 -8 -27 0 11 0 0 24 0 0 -12 -28 5 0 0 0 0 -14 -27 9 -20 -9 19 27 0 0 0 0 0 0 106112
-1 0 -14 0 0 0 0 7 0 0 0 -27 0 15 0 -15 0 0 16 7 0 -7 0 0 20 0 0 0 0 23 0 0 0 -3 -30 0 0 0 20 -26 6 0 12 1 8 0 0 0 0 0 23 0 0 23 0 0 0 -9 0 10 828 -12 0 0 15 -1 -14 -10 -18 18 -18 0 -2 24 -22 -22 24 -29 0 0 0 0 -15 -27 0 -5 0 0 4 0 0 24 0 0 22 5 0 26 0 28 0 -2 0 0 0 19 0 -16 0 0 -7 0 0 0 0 0 -2 15 0 0 0 0 0 0 11 -12 0 23 -11904
0 9 22 0 -23 0 0 0 0 0 6 0 -28 0 0 0 -15 0 0 -27 -12 0 0 0 4 0 27 -28 0 0 -24 10 20 0 0 0 -11 -11 -28 0 -18 9 8 0 0 0 2 8 0 6 0 -20 0 0 0 0 28 0 0 0 0 913 17 12 -4 -5 0 -10 -9 0 29 -29 0 0 -5 0 -18 -12 -15 0 0 -21 0 -2 0 15 0 27 0 17 -15 0 -6 15 -7 0 16 0 6 0 0 0 0 0 28 0 7 0 7 -20 7 22 10 6 4 11 22 0 0 0 0 0 0 0 -18 0 0 11 110592
0 0 3 13 -17 0 -22 0 20 -21 0 0 0 0 0 7 15 17 0 23 3 15 0 -2 0 10 0 0 0 0 0 0 -19 29 27 -21 -14 2 0 0 0 0 6 0 -11 4 0 10 10 0 3 -29 0 0 0 29 -29 2 0 0 0 -10 982 -4 1 -21 -30 0 -26 0 0 0 17 0 -18 6 -24 -18 -4 0 0 5 0 -23 -15 0 9 0 0 0 0 -24 -27 -21 0 0 0 20 0 -9 -28 0 8 0 0 26 11 0 -7 0 8 -1 0 -14 0 -22 0 0 17 -11 0 0 -9 -6 4 0 -15 19 -91776
-21 12 -25 -13 29 11 8 0 0 0 0 -29 -19 10 0 0 0 0 0 -29 -2 14 0 4 -21 0 20 0 18 0 0 0 0 -19 1 -8 0 -17 0 -24 -21 0 12 0 0 -3 -18 0 0 0 0 0 26 0 0 0 23 0 0 0 0 0 0 -917 -1 0 9 -27 -10 0 0 8 0 0 0 -6 -17 14 -28 -26 0 0 14 0 0 0 0 14 7 -15 0 28 0 -10 0 0 0 0 21 0 15 0 -25 0 0 4 9 -18 0 19 0 15 0 -10 -10 -12 -1 10 15 14 -7 0 0 0 0 5 0 0 54400
0 12 0 4 0 17 27 0 0 0 -30 0 0 0 0 27 24 0 -9 -18 0 0 7 0 12 27 0 10 6 29 0 0 -10 3 -18 0 18 0 -19 -1 0 -24 0 10 -27 29 -25 0 0 0 28 0 0 -27 -13 16 -21 -21 0 -14 0 0 6 0 1095 0 0 22 -28 0 -23 0 6 0 0 18 0 0 0 14 0 -27 0 0 0 21 -10 0 0 15 -18 0 0 8 0 0 0 0 0 -30 0 -7 -10 -12 14 -7 0 0 0 10 -26 20 -17 9 -4 -24 2 -22 0 2 0 12 -28 0 -1 0 18 0 -108544
24 0 18 0 0 -5 0 27 14 1 26 20 0 0 0 0 0 0 14 0 -1 -24 0 0 0 17 29 0 0 27 0 -2 -25 0 0 0 25 0 0 -26 0 0 16 0 0 29 -2 0 0 0 0 0 0 -20 0 0 -23 -22 -9 16 0 0 -21 20 0 995 27 0 13 0 0 0 0 -3 -26 1 0 9 0 0 0 0 0 25 4 26 14 -16 0 0 -3 0 0 -9 -20 0 0 -16 -18 18 20 -20 -26 0 0 23 -21 -1 26 0 0 0 23 0 -11 0 -5 -13 -12 0 0 0 0 0 0 -24 0 0 -9728
0 -1 -3 22 25 0 0 -22 1 26 0 0 8 0 -12 -6 8 0 -15 18 0 -23 -21 -13 0 -7 0 16 0 -9 0 0 -14 -21 27 -25 6 13 11 2 -28 -10 28 22 -17 0 5 23 20 0 0 0 0 0 0 0 -11 0 0 0 0 0 0 0 0 6 1036 0 0 0 -24 20 25 -23 0 13 -7 0 29 -10 16 0 26 0 -4 0 0 -19 0 24 0 19 0 -4 0 0 -25 0 0 0 2 -6 5 25 0 -9 0 0 24 0 18 0 0 0 19 9 29 0 0 10 0 0 0 -8 29 0 0 0 -1152
0 13 27 0 -4 -5 -9 0 0 -23 0 0 -28 -14 0 0 3 0 0 -16 20 0 -11 0 0 0 0 0 0 0 5 0 0 0 -8 -21 0 -5 14 0 -8 0 0 0 -11 17 0 4 17 0 13 0 6 -30 22 0 -9 0 0 0 -7 0 -11 0 0 -20 -12 736 8 0 0 0 16 -15 0 -23 16 0 0 0 0 -24 6 -5 0 19 0 0 0 0 -8 0 0 -1 15 0 0 0 0 0 15 0 0 -10 12 0 0 0 12 -18 11 0 0 0 11 0 0 -19 0 0 0 0 -30 0 0 -11 0 0 86912
23 27 0 0 0 0 -19 17 6 0 18 0 -8 0 0 0 0 0 0 -27 0 -6 0 0 0 10 23 13 0 0 0 0 -29 0 0 0 0 0 26 26 0 0 -17 0 0 0 17 -24 0 0 29 0 0 0 -5 0 0 0 4 0 0 -15 0 0 -11 0 0 0 -881 24 0 0 29 0 20 23 0 19 0 0 16 0 -25 -2 5 0 0 -18 -3 27 0 0 0 -3 -13 -7 0 0 25 20 0 0 0 0 0 0 0 26 -28 0 0 0 20 0 -12 9 -6 -9 0 0 -14 0 0 -30 -18 -10 0 0 -37376
-5 0 0 6 0 16 -20 -22 0 0 -19 17 -6 23 1 -17 8 0 22 0 -6 -9 0 0 0 28 0 -27 17 0 0 0 0 15 0 -22 0 0 2 0 0 0 0 19 28 20 0 0 0 0 0 0 -7 -20 4 -2 -21 -17 0 15 0 0 0 12 -29 -26 0 -6 16 1074 0 0 -6 0 -24 0 0 -2 0 0 -20 0 -30 -1 25 0 -3 0 0 12 20 0 0 28 24 4 0 24 -20 9 7 0 -24 -20 0 0 15 0 0 0 -14 -29 22 -10 0 1 0 -30 27 -21 -11 3 0 0 21 0 -4 0 -8832
12 0 -4 0 -23 0 0 -20 0 0 -12 0 0 7 0 -26 -26 -18 -14 0 0 0 -1 0 -13 -22 0 -27 0 -24 -3 -22 17 -20 0 0 0 24 23 -2 -8 -16 -23 0 26 -12 0 0 -16 -4 -16 -17 19 8 0 0 -27 5 19 10 0 0 0 0 0 8 -21 -16 -9 0 977 0 0 0 -23 0 -5 13 14 17 13 0 -18 4 0 -4 0 0 0 0 -28 24 0 -29 0 0 0 0 0 28 -4 0 0 0 13 14 0 0 0 0 -11 0 0 0 -26 0 0 0 0 6 0 0 2 0 0 -27 -1 0 93568
-2 9 -26 0 5 0 10 27 0 -5 0 0 9 24 0 19 -10 -1 -16 0 15 0 0 0 15 0 -13 0 0 0 9 0 0 0 0 0 0 25 0 -14 0 18 -6 0 -12 0 0 0 -24 0 0 0 -30 0 0 0 -22 -16 -18 23 0 0 -29 15 0 -1 16 24 0 0 0 -1009 0 -17 0 5 0 0 4 0 16 0 0 9 -25 0 1 24 -24 23 19 -26 -1 6 -17 1 0 8 3 -8 0 0 0 0 13 6 -14 5 0 21 0 0 -26 -22 0 0 19 -21 -28 0 0 27 0 0 0 -25 0 -17 91264
0 -5 15 27 16 0 -20 -30 -27 21 0 0 0 18 8 14 29 -11 0 0 0 0 -8 0 0 -29 0 0 -8 9 22 0 28 0 0 0 -23 0 0 0 0 0 -21 13 0 0 0 -30 0 0 0 20 0 0 8 29 -6 -17 -8 7 0 0 0 0 -7 -20 0 0 9 0 0 -17 -991 0 7 0 0 -5 0 0 0 -1 0 0 0 28 0 6 0 0 -8 -17 -30 0 0 8 13 0 0 -1 0 0 0 0 -25 3 -24 -14 -1 -9 0 -4 -26 0 -20 -20 -29 -21 0 0 0 26 0 -26 23 0 0 0 37376
27 -6 22 0 0 0 0 1 0 5 0 0 0 0 0 0 0 0 0 5 0 0 0 21 12 0 0 21 0 -18 19 0 -24 -10 0 0 0 0 0 0 27 0 0 0 5 -8 0 -9 0 0 -21 0 27 0 0 7 -10 0 0 -9 4 26 29 0 0 0 0 0 0 6 0 10 -16 -846 0 14 3 -6 6 0 0 0 -13 0 0 0 0 25 -23 28 0 0 4 -21 0 0 0 15 0 -29 -16 -2 0 0 16 0 0 0 -19 20 0 0 29 0 -13 0 -7 0 -22 29 0 0 0 0 0 11 18 28 6912
0 11 0 2 0 27 -24 -29 0 -29 1 -3 -1 9 0 0 0 11 0 0 -2 -25 0 -3 0 0 -14 29 11 0 -25 0 12 -7 -11 0 0 0 14 9 18 28 0 0 18 -15 0 0 0 0 5 -7 -27 0 0 0 -26 -23 0 0 -7 -24 0 0 0 0 0 18 -4 1 -21 -20 3 0 1053 1 18 0 0 -2 0 0 -9 22 -24 0 4 -9 0 0 0 0 22 4 11 19 -12 5 15 -12 26 -9 -2 0 -28 7 0 0 -1 0 -25 0 0 0 -17 24 0 29 -3 23 0 0 0 -23 23 0 0 27 -24832
0 0 -15 0 15 0 -20 12 0 0 0 0 13 0 19 0 0 0 16 -1 -23 0 0 11 0 11 0 0 25 0 0 0 -19 0 0 -18 -21 9 0 0 14 0 0 0 0 0 0 0 0 0 5 -4 -4 11 0 -21 -24 22 -21 0 13 -15 0 27 0 0 0 19 0 -5 -1 13 0 0 0 916 -20 15 0 0 0 0 0 -23 7 0 0 -1 18 0 -15 13 0 -27 16 5 -15 0 8 0 -19 2 0 -28 5 1 -13 0 -9 18 -22 0 0 -7 -3 -30 0 0 -21 0 0 21 0 -3 23 -23 0 -7 4224
0 -24 0 0 -23 8 0 6 -3 -25 -26 0 0 0 0 -11 -19 2 -30 0 -19 0 0 16 26 28 0 -25 0 -20 0 29 -30 15 16 10 -7 10 13 0 -16 0 0 -27 -15 3 0 0 0 0 -3 0 4 0 -17 12 0 0 0 1 0 9 0 -21 0 0 -16 -28 0 0 -22 0 0 1 0 0 1069 -14 0 0 21 0 0 -22 8 0 -1 0 0 16 7 0 0 0 12 24 -14 0 0 0 4 2 -9 0 -28 0 0 0 -24 -27 0 20 0 14 -26 15 4 0 -15 0 0 0 0 7 -27 -6 -19 24 -40064
-29 -9 0 0 0 0 0 0 0 -24 0 -30 0 -15 18 0 0 0 0 26 -13 0 3 0 16 11 0 0 0 -20 0 16 -13 0 0 0 0 0 -7 22 0 0 0 0 0 0 0 -23 -15 0 0 0 -24 0 -7 0 3 -6 0 0 -6 26 0 20 0 -7 -16 0 -9 0 -30 0 0 -20 0 0 8 -854 0 0 0 0 8 13 0 0 0 -19 0 29 0 0 0 0 0 -28 0 -30 0 0 -12 -30 0 0 0 0 -9 -17 3 0 -30 0 19 0 21 -7 8 0 0 0 28 0 20 0 0 19 0 0 -92288
27 -7 23 16 6 0 0 0 0 0 0 0 0 20 0 0 7 29 22 0 0 -10 0 13 16 -14 14 0 6 -29 0 0 0 4 -2 -3 0 7 0 -10 20 24 0 3 9 -21 -21 0 -20 0 0 0 0 0 0 0 -3 0 0 15 -5 0 0 0 -29 -24 -9 0 0 -2 0 0 4 11 0 0 22 -29 934 0 -24 0 0 6 4 16 -23 7 18 25 10 0 0 0 0 -1 0 -4 6 11 17 -27 0 0 0 0 -26 -13 0 0 0 0 0 22 17 0 -14 0 0 0 0 -25 0 15 5 0 0 -19 -15616
22 -2 0 4 0 0 0 0 0 22 0 -12 0 0 0 0 0 0 0 0 -26 -1 0 0 -10 3 0 0 -7 29 16 -19 -28 -29 0 0 -3 -30 20 0 0 0 0 23 0 0 0 13 0 12 0 -4 0 0 -26 0 19 0 4 0 -6 0 24 6 -7 0 0 23 0 29 0 0 15 0 -16 25 -10 -14 -4 -913 -19 14 0 -18 0 0 10 0 -6 -6 0 0 0 0 -26 -26 5 0 0 -19 6 28 0 0 0 0 -3 0 2 0 14 0 0 20 27 0 19 0 26 0 -16 0 0 0 28 0 0 0 73472
-26 -20 0 0 -8 -16 0 0 1 0 0 0 3 0 15 0 0 0 -23 17 -11 0 -30 0 -16 -20 -29 0 2 0 14 0 0 2 0 26 15 0 -30 -5 0 18 0 0 0 -18 -30 -19 0 0 0 -16 25 -2 -3 0 0 -5 0 0 0 -13 -19 -9 0 0 -12 10 21 0 -19 -24 0 0 0 -14 21 -21 -13 -11 1096 4 0 0 0 0 -8 -17 0 -26 0 -22 -23 -28 -26 0 0 0 0 0 0 0 24 -15 8 -12 -5 -12 -10 -23 0 0 0 0 -23 4 0 -9 0 26 0 0 26 -23 0 0 10 25 -54656
0 18 -10 0 20 0 0 0 6 0 -23 0 0 0 8 -6 0 0 15 0 0 0 7 26 23 14 0 0 0 0 0 0 0 23 0 0 7 0 23 -10 17 27 0 0 18 0 0 0 -7 -22 0 -28 0 -6 -30 -23 0 0 -10 0 29 0 -16 -1 0 0 0 -5 0 0 0 0 -10 0 0 0 13 0 -18 0 13 779 0 3 0 -10 0 0 0 0 11 0 0 -26 7 7 -3 0 0 0 4 0 0 20 -25 0 3 0 -14 24 -25 0 23 0 0 0 0 -3 0 0 -11 0 -7 0 0 0 0 0 -54016
0 -3 0 0 0 0 0 9 25 0 -4 0 0 0 0 -9 0 15 -6 18 -1 9 4 29 0 -1 0 0 0 0 0 0 3 -26 0 -13 1 0 0 0 0 24 29 -21 16 0 14 0 0 0 -11 0 0 0 -9 -22 -4 0 0 0 -25 0 29 -23 0 0 0 0 7 -5 0 0 17 0 22 0 -30 0 0 -19 9 0 895 19 0 -5 0 -19 -4 0 -25 0 -23 -2 0 0 0 -26 0 -24 19 -20 0 0 4 -13 27 22 -11 -9 23 0 -8 0 0 0 0 0 0 5 -8 -1 0 -9 0 8 0 28 -113536
15 -2 -15 23 -1 0 0 -15 -5 17 0 -21 -14 0 0 0 0 -10 16 -16 14 -19 0 2 8 -18 0 8 0 3 0 20 21 0 0 -17 0 22 1 0 0 -29 0 0 -22 -28 -1 17 -25 0 0 0 20 0 0 -1 0 0 26 0 0 8 0 0 0 0 -21 0 0 0 6 24 0 -29 0 0 23 17 12 6 15 0 -7 -1032 -20 -5 2 -13 -2 -1 -3 0 0 0 0 12 0 27 16 13 0 0 16 0 0 0 0 4 -26 -6 11 -21 23 0 0 0 10 16 -22 -1 -11 -20 0 -18 11 0 15 -5 122368
0 0 26 29 -6 -21 0 -13 17 -4 13 13 13 0 15 0 0 -9 0 0 0 0 0 0 0 0 16 23 0 -29 12 0 -13 -13 -5 0 -20 0 -10 -12 0 0 -1 16 0 -6 0 -2 12 1 0 19 -28 -22 0 -20 0 0 -2 19 0 0 27 0 0 0 -11 -8 0 16 -25 0 -23 1 14 0 7 0 0 16 0 0 0 0 -1051 0 -12 0 0 -12 0 0 0 -20 0 11 10 23 17 0 14 13 0 -30 22 0 -27 0 2 0 25 0 28 0 0 -16 0 -23 9 0 -15 23 0 0 0 -26 0 -23 -7808
4 0 0 -30 0 -3 4 0 0 20 3 -2 0 -24 8 3 0 0 -9 -27 0 -8 0 0 18 0 0 27 0 9 0 10 8 9 0 0 2 0 0 -26 0 0 22 0 0 0 0 0 -16 0 -23 0 -18 -11 7 -21 0 0 0 0 0 -16 0 0 0 -26 0 0 0 -5 -10 0 0 4 0 3 0 -20 -19 0 0 27 -3 -21 -13 866 13 8 0 26 -18 3 0 -23 0 29 7 -21 24 -16 2 6 0 0 0 0 0 -15 -14 -30 0 -6 0 -10 -12 0 0 0 0 0 0 -9 0 0 0 0 0 18 -106752
9 0 0 0 0 0 0 0 0 0 -25 -28 0 -20 0 -7 0 24 -30 0 10 0 0 0 -12 0 17 11 0 0 -16 0 -22 0 0 -2 4 -2 0 0 0 0 0 7 0 13 -9 -29 -29 -16 0 5 0 0 0 0 0 0 0 0 18 0 -21 0 0 0 0 0 0 18 11 14 14 -14 0 0 17 9 0 29 21 0 4 29 0 -1 -990 2 0 0 0 -29 19 14 0 0 8 -22 -21 -21 0 19 -6 0 0 0 -24 -27 0 -17 0 -23 14 0 -30 0 -28 0 0 -20 0 22 14 0 -9 -11 0 -7 127488
-30 6 0 0 0 -27 12 0 -28 0 0 0 -3 14 -16 0 0 -14 0 0 0 -13 29 0 -28 -8 5 0 0 0 -18 -15 0 0 0 0 24 0 -2 0 -22 -22 0 0 -20 -28 14 13 0 0 2 0 17 22 0 -22 0 -8 25 13 27 4 -27 0 -12 0 -29 -21 15 0 2 0 0 0 0 -23 0 0 18 -6 -10 -13 -10 0 8 29 -26 -1135 0 19 5 -15 -24 -17 -22 9 0 25 8 18 0 0 18 0 0 5 0 0 0 -18 0 0 21 -27 0 0 0 0 0 -7 -1 -14 0 -29 0 0 5 -4 38528
-21 11 -22 0 0 -25 0 2 0 17 -25 -1 -15 0 0 0 -9 0 -2 0 7 0 0 0 -1 0 -4 0 29 0 0 -19 0 11 0 -19 -28 18 24 -1 0 4 -3 14 10 0 4 12 10 9 5 0 8 0 0 0 -27 4 -29 28 9 0 0 -20 0 14 0 0 -2 0 0 0 2 0 -27 3 0 0 0 0 0 -30 4 0 -4 26 0 0 -948 0 0 0 15 4 12 4 -28 0 -7 21 0 0 0 0 0 0 9 0 6 0 -21 -18 -20 0 0 0 18 28 0 0 28 -6 -29 27 16 0 0 0 75136
-27 -1 -22 0 0 -22 0 0 -8 0 0 16 -11 0 0 0 -4 -14 0 0 0 -10 -3 0 0 8 25 -5 0 0 0 0 -11 0 0 -12 19 21 0 -22 0 0 0 12 0 -1 0 0 0 -1 -2 -5 11 -2 0 8 0 -16 -17 -16 16 7 0 -27 -26 -23 0 0 0 0 3 0 0 -21 0 0 28 0 0 -8 0 0 -27 0 -6 17 0 0 -16 -796 0 -8 -11 -12 0 0 -4 0 0 0 -30 0 -13 6 0 0 7 -22 -19 0 -2 0 0 0 22 0 0 6 -23 0 0 0 0 0 0 -15 0 0 76672
0 0 0 0 27 -26 0 -28 0 -11 7 0 6 22 0 0 0 0 0 -17 -23 -6 -21 0 0 10 0 -30 -30 0 21 0 4 0 -4 0 9 0 -24 0 0 0 0 -1 0 0 0 0 -4 0 -13 26 1 0 28 0 0 0 0 0 22 -28 18 0 0 7 16 -19 -14 0 -6 22 9 23 0 -20 -30 -1 29 0 -23 0 6 -26 2 0 0 0 -22 0 -1082 23 -29 -9 0 -7 0 -10 0 0 7 0 -14 25 15 0 0 -26 0 -25 -29 0 0 0 9 -26 6 0 0 -6 0 17 0 0 0 22 16 0 16640
17 0 18 0 0 7 0 0 0 -24 7 -25 0 0 0 0 0 -16 23 0 -21 0 0 0 6 13 14 11 13 21 0 18 -26 28 -17 -25 0 0 0 0 0 0 28 0 0 22 0 0 -28 -18 0 -3 0 2 25 26 7 25 -27 0 0 0 8 0 0 0 0 27 27 -11 0 9 0 0 4 0 -8 0 -13 0 -18 0 0 -15 0 0 14 0 11 -5 1 1155 -25 0 -21 -13 0 0 29 0 0 -21 4 0 19 0 -15 -25 0 0 -29 27 26 13 -9 0 0 1 0 -19 19 -20 0 29 0 -24 21 0 -19712
0 0 5 -17 0 -4 11 0 0 -22 0 27 0 0 0 -15 0 -8 0 -26 0 0 0 0 21 3 0 7 7 0 0 12 0 -5 0 0 0 5 0 0 6 -15 6 0 20 -5 0 0 0 0 0 27 0 0 -17 26 0 19 -6 -29 3 27 -4 -23 0 0 2 0 -5 -20 27 16 0 12 -12 0 0 -2 0 -29 -16 0 0 0 27 28 0 0 0 0 0 0 -851 0 19 0 0 -16 0 0 -26 0 -9 -1 0 0 0 -23 0 0 -9 16 0 0 0 0 0 29 0 -22 -10 0 0 0 0 5 0 -21 104320
-13 -17 0 21 -18 -3 0 0 0 -13 11 0 0 0 0 0 9 0 0 0 0 -2 -21 0 0 19 0 0 0 9 0 3 -1 -3 26 -30 0 1 0 0 0 0 -13 -13 0 27 0 0 -13 18 0 -17 0 -24 0 -28 22 0 -6 0 -17 0 -8 0 0 -24 0 -25 7 0 0 0 23 -3 0 0 23 0 27 0 0 0 0 0 3 -2 21 9 10 0 0 0 0 -901 0 -20 0 -29 0 24 28 0 -3 6 24 18 5 27 0 -1 0 24 7 0 -19 0 0 0 -2 0 0 1 0 0 -30 0 6 0 52992
0 0 9 0 -25 0 0 -29 0 -24 -1 0 0 0 0 0 1 0 -12 -4 -13 0 0 0 3 10 0 20 0 27 -21 18 0 0 0 19 0 -24 0 0 0 14 0 0 0 0 9 0 0 -11 0 0 0 0 0 0 0 0 0 0 0 0 12 14 0 0 0 18 19 24 0 0 0 -11 0 0 0 1 19 0 7 0 0 -29 4 -24 0 0 0 0 -24 0 0 0 805 28 0 0 -27 -14 0 -25 0 0 0 0 10 0 0 7 0 -2 0 -14 0 21 0 20 0 24 0 0 13 0 -30 0 27 22 -48256
15 19 0 -24 0 19 0 0 -12 24 0 -5 0 23 -5 -19 0 0 0 0 -3 28 0 26 -13 -3 0 0 0 0 0 0 0 -29 0 0 -2 0 13 0 -13 0 6 -14 0 0 0 0 0 14 0 0 0 -20 0 0 0 0 16 0 0 0 0 0 -11 -19 21 0 0 0 20 0 0 -22 1 0 12 0 0 -13 0 0 0 0 6 0 25 0 0 0 0 0 0 20 0 -832 0 -13 -28 11 0 0 28 0 0 -18 0 13 0 5 21 0 0 -10 4 25 0 0 -25 24 -23 9 7 0 0 -5 -5 -6 123904
0 0 24 10 0 0 0 -28 0 0 4 0 0 0 0 0 0 -20 0 0 0 29 0 0 0 -29 0 0 -16 8 0 10 -18 0 0 0 2 3 -25 -7 -15 -5 -8 0 -7 0 0 -13 -10 -30 0 0 26 0 0 0 0 -20 0 23 0 -22 19 9 19 -8 0 0 -30 8 12 -25 0 19 0 0 27 0 0 0 -20 0 -1 9 0 0 0 0 3 0 -19 -15 -13 0 -24 -16 -945 0 -27 -9 0 0 8 0 -24 26 0 -8 -27 0 -15 -22 -11 0 -5 0 0 0 -2 0 -20 0 0 0 0 9 0 0 -84736
0 17 0 24 27 0 13 0 0 0 28 -23 0 0 0 0 0 -2 -1 0 -9 -6 19 -9 0 0 0 0 -29 0 0 -25 0 -18 0 -8 16 24 -4 0 0 0 0 -19 11 0 0 0 0 0 6 0 0 0 6 0 0 21 -17 -10 0 8 -19 0 0 0 19 23 8 -22 0 0 0 11 5 22 0 -22 23 0 -4 0 0 0 -6 0 0 0 -7 0 21 -24 12 -10 0 -29 -27 954 2 -11 0 7 12 0 0 0 -9 0 14 2 -19 -24 0 -12 0 0 0 -28 -9 27 0 0 -18 0 0 -5 -23 0 78720
20 0 0 10 -23 -14 0 -12 0 13 -25 0 8 10 0 -25 5 26 0 9 0 0 0 0 0 7 0 0 0 0 0 -18 -2 -25 0 7 0 4 8 -15 0 24 0 0 0 24 0 0 0 -26 3 0 0 25 0 0 -1 8 0 -25 0 0 0 0 -24 0 -10 17 0 21 0 -22 27 0 23 -13 23 -13 13 0 0 0 6 0 -21 0 0 0 7 29 19 0 16 24 -29 -12 -10 0 997 0 11 -15 0 13 4 0 0 0 22 0 0 0 0 -4 9 16 0 -26 0 -7 -6 0 9 0 -7 6 27 0 82816
-21 0 0 -21 0 25 -26 0 0 -16 0 -12 0 -9 21 0 -28 7 12 0 0 -23 0 -22 0 -26 0 25 0 0 11 0 0 25 0 0 7 19 9 0 0 -26 0 0 0 0 14 0 7 4 0 0 0 0 0 22 0 -25 -22 0 0 0 -2 0 2 0 0 7 0 14 -24 0 0 -10 2 -11 -16 -9 29 -21 0 0 0 0 0 20 0 -3 1 -21 0 25 25 0 0 -1 -1 25 0 976 -21 0 0 10 0 11 0 6 -29 0 0 -1 0 -7 0 0 27 -7 28 0 0 -11 0 0 0 -24 21 0 50944
0 0 -12 0 27 0 0 -4 -2 29 0 -21 -27 0 0 0 0 0 -28 25 27 -17 -18 10 -23 11 0 0 0 24 -14 0 -18 0 -17 0 0 0 0 0 0 0 0 0 0 -17 28 0 1 11 -23 -9 2 6 -22 2 0 -12 0 6 -9 0 0 -17 0 -5 10 0 0 0 0 0 0 1 24 0 -3 -1 0 -27 1 0 0 0 -17 0 -8 4 0 -24 0 0 0 0 -1 -25 -24 -12 -1 1 -894 0 0 0 -13 0 0 -7 0 27 25 -12 -21 0 0 -26 0 -1 11 0 -18 0 0 0 -1 0 0 0 -58112
0 0 -21 -13 0 0 0 -22 0 -11 -16 0 -25 0 0 0 0 27 0 -17 4 0 0 15 0 0 -20 0 0 9 21 23 -6 -28 0 -30 0 27 0 0 6 11 27 -20 0 -9 0 0 14 0 0 -6 21 23 17 -28 13 0 8 22 0 0 0 22 28 -9 -14 0 -19 0 -20 16 2 0 0 -1 0 9 29 0 10 23 0 0 -1 -3 0 19 -25 0 -9 25 2 0 0 0 0 2 0 0 -16 1168 23 0 0 20 18 -8 0 -19 -11 26 0 11 0 23 8 -7 -17 22 0 29 0 12 28 0 0 0 48384
0 7 -19 0 -30 0 0 3 0 0 0 -21 8 0 26 0 28 0 0 11 0 5 -12 29 10 11 0 -16 0 0 0 19 0 24 0 -21 15 0 29 -16 0 0 20 0 0 0 0 -29 0 0 0 0 3 27 0 21 0 -29 -18 0 0 0 0 0 5 0 0 -9 0 -17 0 18 0 0 -1 0 -15 0 0 0 0 -13 0 0 0 0 0 -3 29 17 -7 0 -19 0 0 16 -9 0 0 24 0 7 932 -20 16 0 14 0 -6 -9 -17 0 0 18 0 17 0 0 0 0 0 0 3 -19 10 -26 0 18 14208
-24 -21 0 0 0 -15 0 0 23 0 3 -6 -7 0 11 18 7 0 0 0 -7 -27 29 -2 0 -27 0 0 9 -8 0 -8 0 -5 0 0 25 0 0 0 29 12 22 -14 0 0 0 0 0 0 0 0 0 -23 11 0 0 0 20 0 0 28 0 19 24 -17 0 0 5 10 0 0 -3 -26 -28 0 0 0 -12 0 -16 6 0 0 6 22 0 0 0 20 0 1 -6 0 0 -14 0 0 0 10 -7 0 -19 -878 0 0 0 0 0 0 -14 0 0 0 0 -28 0 -4 0 24 -24 19 0 0 -30 -5 0 0 -103552
0 -12 0 0 0 0 -8 2 0 28 8 0 14 28 0 -6 25 0 0 -25 0 25 -25 -30 0 0 18 -29 0 24 0 -27 0 -28 -19 5 -30 6 -26 14 0 9 0 -19 0 0 14 0 8 0 0 24 6 12 21 0 0 -13 0 0 0 0 0 0 -3 0 0 0 0 0 -27 0 2 -24 0 0 12 -9 0 0 29 0 0 0 -27 0 0 17 0 0 -10 21 18 26 -8 16 0 -17 -7 0 0 0 0 0 -1008 0 17 0 11 -23 4 0 0 0 -5 0 -3 0 0 7 0 17 0 0 28 11 0 -2 -27648
-30 0 0 -5 22 4 4 -17 0 20 -21 0 0 -4 28 22 0 -14 7 0 -5 0 4 0 -22 12 0 18 18 0 0 0 0 0 0 0 5 -6 -8 10 0 27 -25 0 0 2 10 0 0 0 9 0 19 0 -13 -24 1 0 23 0 -14 0 -17 0 0 1 0 -19 -8 27 0 -14 -5 0 13 0 -16 10 0 29 0 -7 0 -26 -21 -16 26 0 0 0 -21 10 -17 28 0 0 0 -9 7 0 0 21 27 14 0 1113 0 -28 0 17 18 -30 0 0 5 -10 10 -12 0 18 -9 -25 0 0 -14 0 -20 0 117376
16 0 0 0 0 0 18 0 -1 0 24 0 0 0 0 0 0 -16 0 -22 -1 0 -20 -11 6 28 22 -6 0 12 24 0 0 5 0 7 0 -5 0 23 -3 13 19 -25 23 0 -22 0 0 28 0 0 0 0 -27 0 0 0 -4 0 0 0 -25 0 0 0 0 -20 0 28 -6 0 -29 0 0 22 -26 6 16 0 -28 0 0 -6 0 -27 0 0 -10 -18 0 2 0 29 19 27 0 3 0 0 -23 0 0 17 0 -30 -997 -30 13 0 0 0 2 -6 0 -11 0 0 0 1 28 0 0 27 21 0 0 0 73728
16 0 -18 0 0 16 0 26 -27 -22 0 12 0 0 0 28 0 0 13 -18 0 28 0 0 24 0 2 17 0 0 0 0 -3 0 23 -23 -23 0 13 0 25 0 0 0 19 0 -12 3 -23 0 20 0 0 0 -7 0 -8 -2 0 -27 0 21 0 -1 0 -12 0 8 26 0 0 -2 28 0 0 1 0 29 0 0 0 0 -7 0 21 28 0 -7 0 0 0 -23 0 5 20 0 -27 -11 0 0 14 27 18 24 0 0 0 -1013 -5 0 0 0 29 -3 0 0 0 4 6 0 0 0 29 -27 -10 0 -16 10 105344
0 -8 0 0 9 -25 0 9 0 0 0 4 22 0 0 0 0 0 0 24 0 0 0 5 0 0 0 -16 -6 0 -27 -6 28 0 0 -7 0 7 -22 0 24 0 0 8 0 0 27 -2 11 -15 -26 17 -8 0 0 0 0 -15 0 0 -3 0 0 7 4 0 1 0 4 18 0 14 2 0 -1 0 11 -9 0 0 1 0 -20 0 0 2 -23 13 0 1 -22 -2 0 -26 0 0 12 0 0 0 26 -18 -3 29 0 0 0 -17 -823 -24 21 13 24 -14 0 0 -1 12 0 8 -13 0 0 0 16 0 0 0 -57856
0 0 -22 -16 0 0 5 0 24 0 6 0 -24 0 10 13 7 0 0 -16 0 0 0 0 24 -19 0 0 -23 2 0 -22 0 -24 -1 -18 0 12 0 0 0 0 0 0 0 -3 0 8 -15 -13 0 -22 20 0 26 9 -14 7 -28 0 20 13 14 -29 3 11 -10 0 -1 -17 -22 0 9 0 0 -24 0 10 -30 0 0 -23 -9 0 0 -15 0 0 0 -24 -15 0 -13 -8 15 -29 17 -21 26 0 -27 0 0 -6 0 0 0 14 0 -1005 -3 24 0 0 0 0 -2 -15 0 0 0 0 0 0 0 9 0 -14 -69888
0 0 6 0 0 0 22 0 5 0 26 -23 0 0 3 0 17 25 -2 8 25 -20 16 -4 0 0 10 -27 -15 0 0 24 -2 0 -23 0 0 -21 0 0 18 0 0 -10 -1 -20 0 -25 -1 9 -1 0 15 14 0 -24 0 0 0 -29 0 0 0 28 16 0 0 -25 0 -1 0 0 -7 0 0 0 -24 19 -11 0 0 -1 -5 -7 20 2 -9 -18 0 21 24 20 0 0 0 -4 -17 -19 0 11 0 15 27 -23 0 -2 0 0 0 0 -1057 0 -8 -16 -6 0 20 0 -11 0 -29 0 22 25 -23 -20 0 0 95872
0 0 -22 0 -15 24 0 6 8 0 -24 6 2 -24 -7 0 0 0 0 0 29 28 0 -2 12 13 21 0 9 -6 0 4 27 -25 -5 0 10 0 1 0 0 -13 0 0 0 0 0 21 -27 0 0 15 -23 24 25 -5 0 0 0 0 0 0 15 0 0 0 0 0 7 -12 22 -18 0 12 0 0 0 -1 14 0 0 0 0 0 13 0 -12 0 0 -2 -14 4 22 -14 -9 -6 0 0 0 17 0 0 0 0 0 -30 -8 0 19 0 0 844 0 0 0 14 0 0 -15 0 0 0 0 -2 0 0 -21 21 15616
22 8 21 -15 22 -29 4 -27 0 0 9 0 0 -10 7 18 0 6 0 0 0 16 5 0 -3 -4 0 0 28 0 0 -2 0 -3 -3 20 0 0 13 10 0 0 0 0 -10 13 0 0 0 29 4 -9 0 7 0 26 0 0 -11 9 0 0 0 0 0 0 28 0 14 24 -14 26 5 11 26 -21 18 -12 0 0 0 7 -5 0 0 -26 22 27 -1 0 24 0 0 0 20 0 18 0 0 -28 12 0 12 2 -8 0 0 19 0 -11 0 0 -976 0 0 0 0 5 8 0 7 0 -19 0 23 13 0 -18 49152
23 0 -4 0 0 -19 0 0 3 10 0 0 0 0 0 0 -9 14 -9 0 -30 -20 15 -19 0 0 0 0 1 0 0 0 0 5 0 16 -10 23 -26 0 0 0 -21 22 9 -3 7 20 20 -5 0 0 0 0 16 1 0 -2 0 0 18 0 0 28 0 24 0 0 14 0 0 0 19 26 -21 -2 0 0 0 21 -8 -2 -4 0 0 21 -27 0 0 0 29 0 0 0 -29 0 -29 0 -6 -11 22 -14 -30 0 0 -17 0 -14 -18 0 -19 0 0 -959 9 0 -11 0 0 0 16 0 0 -18 -23 0 -5 2 110464
0 0 0 0 0 0 0 -18 0 1 0 16 6 0 -24 0 -3 22 -30 0 -29 0 0 0 4 0 0 0 0 0 0 0 0 21 -28 12 -7 10 -18 5 0 -24 -27 9 0 0 0 0 0 0 -22 0 0 0 5 0 0 0 0 0 -6 0 0 0 0 7 0 10 21 0 22 0 -12 25 0 7 0 -9 0 27 21 0 0 -20 -7 -20 -10 -3 0 0 0 9 0 4 -5 -25 -6 0 0 0 17 0 0 0 0 -28 0 0 8 0 -26 -30 5 0 -788 -20 0 0 0 0 0 0 4 0 0 -12 0 0 55040
-9 0 0 0 -16 0 0 29 -3 0 0 24 0 2 0 0 11 -19 0 -26 0 29 0 -6 0 0 0 0 14 7 28 -29 0 0 -13 0 0 0 -26 0 0 0 -7 0 -6 0 18 0 -25 0 12 0 0 0 -17 0 0 8 0 -17 20 -27 0 0 -18 9 15 0 0 -6 0 0 13 0 -14 23 0 0 0 0 7 10 0 16 0 28 0 0 -4 0 -28 0 -15 2 17 0 10 -27 20 0 4 0 0 -11 9 22 0 -20 6 22 0 0 27 0 0 -967 24 4 0 -13 24 0 0 0 13 15 1 0 -86656
0 0 0 -2 0 0 -14 -26 0 0 0 17 0 1 25 20 -9 0 -12 2 -24 0 0 0 0 14 7 0 0 0 -2 0 -19 -1 0 -24 0 -11 0 0 0 0 0 -21 12 0 22 12 0 0 0 -27 3 0 1 0 0 -9 0 0 0 -1 0 0 0 0 0 0 -13 0 -9 19 17 0 -22 -27 9 3 10 0 0 0 0 0 -20 0 22 0 -21 -27 0 0 0 -6 0 3 20 -23 0 0 11 0 25 -10 0 18 8 -7 0 0 -22 0 0 3 0 -29 805 -18 15 8 0 -8 0 0 0 0 0 0 -124288
-24 0 -4 0 1 0 26 0 0 0 0 0 -11 -3 20 13 0 14 10 0 0 0 0 -21 0 0 0 11 0 10 28 13 0 5 0 0 0 0 0 0 0 0 6 0 -19 0 0 18 25 -1 0 0 -27 -6 -7 -24 0 -7 0 12 0 14 0 -15 0 0 0 0 0 0 -28 -28 -29 0 0 -1 29 -22 0 -29 0 0 0 -13 29 0 -9 0 0 0 0 0 -4 -26 16 0 3 -26 0 0 0 -30 -22 14 5 -9 -16 -11 11 0 29 0 0 0 -26 23 0 -1010 -11 13 -24 24 0 0 0 -19 0 -12 54528
0 7 25 0 0 16 0 1 -2 0 -19 0 -17 -19 0 0 0 -29 0 0 0 0 0 0 29 -24 -1 4 0 0 0 -10 -20 0 0 0 0 -9 1 -13 9 0 13 0 0 0 28 0 -17 0 0 0 12 8 -19 -21 0 0 0 29 -6 0 -23 0 0 0 0 -27 0 0 -4 0 -22 0 23 0 0 -15 0 28 0 0 0 12 0 20 0 0 -18 -11 0 -29 0 0 -24 0 0 0 0 0 16 -12 0 0 0 0 -20 0 -30 -25 0 -1 0 6 0 0 14 0 -941 -29 0 -22 20 0 -12 -30 0 -20 124928
-1 -11 0 17 -23 0 0 22 0 15 -27 18 0 0 -26 -18 14 -9 0 0 0 7 -1 -4 0 -11 -22 0 0 -14 0 26 -10 0 0 -9 9 0 -2 -22 18 26 0 -6 20 0 -6 0 0 0 23 0 0 15 0 29 10 4 16 -12 0 -24 0 0 0 0 0 0 -22 0 10 -28 0 29 0 -30 0 2 14 0 0 20 20 25 -10 6 4 0 21 0 0 4 23 0 15 24 -11 0 0 0 -6 -7 0 0 0 0 14 13 -30 8 0 0 0 -24 21 -14 0 6 5 1087 11 16 0 0 0 0 0 26 123904
11 18 -16 0 0 0 0 0 -3 28 0 0 0 29 14 0 -29 0 5 0 23 10 0 -25 18 27 0 23 6 0 0 -14 0 -6 0 -2 5 0 0 14 0 -6 0 0 0 -23 -24 0 0 -14 21 0 29 0 0 -8 22 0 8 0 0 0 0 0 16 0 -27 0 0 0 9 0 0 22 8 -3 0 0 0 0 0 0 0 27 0 -19 8 -13 0 -13 0 0 0 25 26 -1 0 26 16 -2 -16 -6 0 0 0 0 0 0 0 -15 0 20 0 -25 6 0 0 -19 15 -2 905 0 0 0 0 0 10 17 3200
0 0 0 0 0 0 -15 -1 0 0 -25 0 0 0 0 -16 -30 0 0 0 -24 0 0 -30 14 9 -14 1 2 -2 0 11 -29 0 0 0 0 -1 0 -17 19 -22 0 14 -25 0 0 -7 10 3 0 -24 0 0 -16 -26 5 0 0 0 8 -10 12 -25 0 -24 0 0 0 0 14 20 0 0 0 -25 0 -25 -9 23 2 0 14 20 0 9 -11 0 8 4 0 -14 28 0 0 0 -22 18 4 0 6 -19 20 0 0 2 -18 0 10 0 0 -24 19 5 0 0 -23 8 0 -25 -29 -1059 0 21 -25 0 -30 0 13696
0 0 26 0 0 0 0 25 0 25 4 -1 0 -8 15 3 0 0 12 10 2 0 0 0 -23 -17 23 0 18 0 0 -19 10 0 -5 0 -23 0 20 0 27 0 -19 -21 29 0 0 0 7 0 0 3 0 -17 29 -8 -1 0 -11 -26 0 0 -10 -18 -10 0 -26 0 0 -21 0 0 0 0 0 0 0 0 0 0 3 -13 -25 0 0 8 0 -30 16 6 -18 0 13 -30 -27 -24 0 29 0 -30 27 25 -26 0 0 -13 24 0 0 0 0 -18 11 0 6 -23 10 -2 28 0 0 23 -1124 0 0 0 29 0 21376
0 0 0 -8 28 0 21 12 10 18 0 0 -25 0 0 12 -21 0 0 10 12 -23 0 0 0 0 0 11 0 -7 23 0 0 0 9 0 7 0 8 -24 24 11 29 0 0 0 0 -1 0 29 0 23 29 0 8 0 -23 14 2 7 4 -15 22 21 5 -26 0 -6 0 0 0 10 0 0 0 0 0 0 0 0 16 0 -18 -16 -14 -1 -13 -2 0 0 -25 -7 8 8 -14 -23 0 0 20 0 -28 0 11 13 4 0 -28 15 -4 -20 0 29 25 25 -11 0 -21 0 0 -8 15 -18 0 1090 0 0 0 -13 -20352
29 0 -19 24 0 12 0 17 -29 -2 0 0 20 -21 0 0 0 0 -7 1 0 -25 0 0 -19 0 0 -10 10 -28 2 0 -1 5 0 0 0 0 -4 0 0 19 25 -29 0 -2 0 0 0 20 7 0 14 8 0 0 -25 5 -4 -17 0 -30 -11 0 0 13 -10 -2 25 -8 -28 26 0 0 -1 -8 0 0 0 0 0 0 0 5 0 -24 -17 -29 0 18 17 -4 -23 2 -18 0 27 0 17 0 8 28 -27 -9 0 -16 18 -17 -17 29 -8 -23 1 -7 1 2 0 0 0 0 -27 -13 -8 0 -1120 -27 0 0 -16256
0 0 0 21 0 0 -13 0 0 0 0 0 0 5 14 -25 0 0 0 21 0 0 -4 5 0 0 0 -23 22 29 0 0 0 -18 -15 -25 27 0 0 0 -11 4 0 -27 0 0 -3 0 -20 0 -28 15 -18 0 -3 -14 9 -2 -18 -12 -26 12 0 13 -28 0 0 -30 0 0 -12 -3 -23 8 10 0 8 -24 0 0 0 27 0 0 1 -15 0 0 0 18 0 0 0 0 13 0 11 0 0 0 22 -10 0 18 -7 14 24 0 0 -22 16 0 0 0 6 5 0 -1 8 0 22 -26 0 0 2 953 0 -3 101120
0 23 0 17 0 -29 -17 0 0 20 -8 0 -16 0 -7 -15 1 -15 0 -20 2 0 0 20 -18 -22 -27 -8 0 0 0 -10 -14 16 0 0 3 -24 0 0 0 25 24 15 2 0 5 23 4 0 0 0 -28 10 0 19 -7 -28 -16 29 2 11 0 -12 7 0 -17 17 29 0 0 -24 0 25 0 13 0 0 20 16 16 0 26 0 -5 0 0 8 0 -1 0 11 18 0 27 22 0 0 0 0 0 0 -11 5 0 0 -5 -20 0 -30 19 0 0 23 -21 1 0 3 5 0 25 -19 0 0 -23 14 1180 -23 20608
0 0 0 0 0 0 8 0 9 -18 9 -24 0 -21 27 -23 26 -29 -17 2 0 -16 16 -21 0 19 0 0 24 23 0 24 18 0 12 1 9 0 -27 -23 0 24 0 0 0 23 0 0 0 0 -5 0 -10 2 -30 0 2 -12 -11 0 0 0 21 -28 0 13 0 0 -1 0 25 0 -15 19 8 -10 0 0 -27 0 0 -12 0 0 0 -17 0 0 0 0 2 0 0 -6 0 24 0 -6 -2 -24 0 0 -3 -23 0 0 -2 18 -15 0 4 0 20 18 0 -26 16 -3 -15 12 8 0 0 -18 0 0 0 1050 72064
