20
64 0 0 0 0 0 0 0 2 7 9 0 4 2 6 0 0 8 0 0 29
0 47 0 10 7 4 0 0 5 0 5 3 0 0 0 0 0 0 4 0 58
4 0 55 0 0 0 10 0 3 0 5 0 10 8 0 0 6 3 10 1 92
10 0 10 69 2 1 0 8 0 0 0 5 3 0 7 10 0 0 0 0 113
7 0 1 10 69 1 7 3 0 0 3 0 0 8 9 0 0 0 0 0 67
3 2 7 0 0 53 0 0 0 8 0 0 9 0 1 0 5 0 0 1 66
0 2 10 5 0 3 63 3 2 0 2 8 8 2 0 2 7 0 8 0 43
0 8 0 7 0 7 0 31 0 0 0 7 0 1 8 8 2 9 3 4 52
0 0 0 0 0 1 5 0 49 4 9 0 0 0 0 2 4 0 0 10 44
6 5 0 1 0 6 0 0 0 49 0 5 0 0 0 2 1 8 5 5 45
5 0 0 0 1 0 0 0 0 0 56 0 5 3 0 0 3 0 0 0 28
0 5 0 0 7 9 0 5 8 0 6 47 0 0 0 0 0 2 0 4 29
9 6 0 0 5 0 0 0 0 0 1 5 79 0 0 0 0 0 0 3 43
0 7 0 6 2 0 0 0 1 0 0 10 0 31 1 0 0 0 0 4 94
5 1 0 0 1 0 10 1 0 0 1 3 0 3 55 7 5 2 1 0 116
2 0 3 10 0 6 0 5 7 0 0 0 1 0 5 38 0 0 2 5 72
4 6 6 0 0 0 0 7 0 10 8 0 3 8 8 5 62 0 0 10 111
0 0 2 9 0 3 4 5 0 5 9 8 0 0 9 0 0 69 10 0 113
8 0 8 9 3 0 4 0 10 10 10 0 2 0 0 0 5 0 74 0 57
4 0 0 0 0 0 0 0 0 3 0 0 0 0 5 0 0 0 8 33 28
