20
38 0 10 80 0 0 0 0 30 20 0 0 0 0 0 0 99
160 0 100 0 0 0 0 0 0 0 0 0 0 0 0 0 0 492
0 252 70 0 0 30 0 60 0 0 0 0 0 0 10 77
0 0 652 50 0 10 0 490 0 40 1042888
0 0 0 0 72 100 0 0 0 100 0 0 0 0 0 0 50 64
80 27540 0 0 40 0 0 0 0 0 0 0 0 0 1033
0 60 0 0 0 78 0 0 0 0 50 10 0 0 0 0 0 81
0 0 0 0 10 0 47 0 0 340 0 0 10 0 0 0 59
90 40 60 0 0 72 10 0 0 2100 0 10 0 32
10 0 0 0 0 0 2871 20 0 90 0 0 0 0 0 67
0 0 0 0 0 0 0 50 0 59 80 0 0 0 0 0 0 0 117
0 0 0 0 0 0 0 90 0 0 79 0 0 8750 0 0 90
0 0 80 0 1021710 0 31 0 0 10 0 0 0 22
0 0 0 0 250 0 0 0 0 0 0 55 10 90 0 0 98
0 0 0 0 90 0 0 0 0 0 0 90 61 0 0 0 0 0 26
320 0 90 40 20 0 0 0 80 61 0 0 0 0 39
0 0 50 0 0 0 0 0 100 30 0 0 0 67 0 20 87
0 630 40 0 0 0 0 0 0 0 40 0 0 42 0 0 42
20 0 0 0 0 0 0 60 0 0 0 0 80 30 72 1087
0 7470 0 0 70 0 0 0 0 0 0 0 0 0 0 48 42
