20
67 0 0 250 100 0 0 0 0 0 0 60 0 50 0 101
0 80 0 0 0 0 0 40 0 80 0 0 480 0 0 0 24
80 66 0 0 0 0 50 0 20 0 0 0 0 0 0 0 0 35
0 0 0 32 0 0 0 0 2580 0 60 0 0 0 0 0 70
0 0 0 970 70 50 0 60 0 0 70 0 0 0 0 98
1030 0 0 54 0 0 0 0 0 0 0 0 0 0 0 40 0 92
0 0 100 0 0 77 0 0 0 0 0 0 0 0 0 0 20 0 105
0 70 90 0 0 39 80 0 0 0 0 0 0 0 0 0 0 47
20 50 0 30 0 32 0 0 0 0 0 2370 0 0 91
0 0 90 0 70 0 0 69 70 0 0 0 0 0 150 105
70 0 0 100 50 10 39 50 0 30 90 0 0 73
0 0 70 0 0 0 0 0 0 0 63 150 0 0 0 0 289
0 730 0 0 0 0 0 0 4679 190 0 0 0 0 58
70 0 0 0 0 0 0 0 30 7640 0 100 0 0 0 41
0 0 0 0 0 0 0 50 0 0 50 0 39 0 70 0 0 41
0 0 0 0 80 0 0 380 40 90 72 0 0 0 0 29
90 0 0 30 0 0 0 10100 0 0 90 40 30 0 28
0 0 0 0 0 0 0 0 0 0 90 50 0 0 0 61 0 0 37
70 0 0 0 90 0 0 0 0 0 0 0 0 0 0 232 0 73
0 0 40 0 0 0 0 0 80 0 0 0 90 0 0 0 42 38
