64
-434 -7 0 0 0 0 0 -8 -1 0 23 3 0 0 0 -30 25 0 -3 0 0 -23 0 0 21 0 0 0 0 0 0 27 0 20 -23 -28 0 0 0 0 18 -17 0 0 0 -16 0 -25 0 0 -11 -21 0 0 0 0 -10 0 0 0 -12 -22 27 0 -12672
-5 -483 0 0 0 -21 0 0 18 0 -23 -28 -14 6 0 0 8 0 0 0 2 -14 -12 0 9 13 0 15 0 0 0 -15 0 1 0 0 27 0 5 -17 29 -11 0 0 25 0 1 -20 -1 -19 4 0 -25 3 -11 0 0 0 0 27 8 -10 0 -23 49792
-9 24 -514 -19 0 0 0 0 13 0 0 0 -9 0 0 0 0 0 0 0 9 5 -26 0 -12 -19 0 -21 -24 0 19 0 0 -11 0 9 0 27 -18 0 13 -1 -15 -24 -25 15 0 22 0 3 0 0 -16 13 0 0 12 0 0 10 0 -29 -12 7 -34304
0 29 0 -485 0 0 0 -20 0 0 6 0 0 25 0 0 0 5 15 0 -27 24 0 -9 -23 -27 0 11 -27 11 21 0 0 -12 0 0 0 5 -30 0 0 16 0 -22 0 1 16 0 -27 0 14 0 0 0 0 -1 0 -9 0 28 0 9 0 0 -2560
22 20 -8 0 -712 0 0 0 0 0 28 0 0 12 -28 23 24 -24 -25 -15 6 23 27 0 11 0 -27 12 25 0 0 -29 -10 -10 4 0 13 15 23 1 23 -7 25 -30 0 0 -3 -13 0 0 28 26 0 4 29 0 0 0 0 4 -26 -12 0 0 -23424
0 0 0 -28 -25 487 0 25 0 -6 0 0 18 0 21 0 -13 -30 0 0 8 0 0 0 19 0 16 0 11 24 0 0 -21 24 0 0 20 -14 0 0 0 0 0 0 -3 0 0 0 -5 8 0 -3 -5 5 0 0 0 0 25 -29 -28 -26 0 -3 -23232
0 24 0 10 10 -16 -371 0 0 0 -21 14 0 1 0 5 0 0 0 -24 -5 19 -14 22 0 -30 -2 0 0 5 0 0 -9 10 0 -13 0 0 0 -10 0 0 1 0 0 0 0 24 0 0 0 -9 0 0 0 8 0 -11 0 0 17 -17 0 0 -55104
-11 29 0 1 0 0 0 -377 0 0 0 -15 0 0 19 0 13 -5 -20 13 -4 -15 0 0 -11 0 17 14 0 0 7 0 0 -28 -3 0 22 0 0 0 9 1 0 0 0 0 3 0 -9 -19 0 0 -9 7 -3 0 -17 0 -16 0 0 0 -14 0 -49984
0 -11 21 -8 0 -24 0 0 407 13 -19 0 0 0 -5 0 0 0 -1 0 0 0 5 12 0 3 14 0 0 0 0 0 -13 -26 7 0 25 0 8 0 0 0 0 -22 0 20 0 0 0 0 0 2 -24 0 0 -5 0 25 0 20 -30 3 -17 8 50304
0 13 -10 0 0 -7 20 0 0 565 17 1 24 0 27 -2 23 0 0 0 0 -5 0 0 -11 0 -27 0 15 0 0 -23 -17 -25 19 -26 -14 0 -2 -29 0 -30 0 -11 0 -8 7 -15 11 -15 17 0 0 0 0 15 -10 13 7 0 -1 0 19 -16 -11328
0 0 17 0 -28 -13 0 15 -10 -11 -553 0 0 27 0 22 18 7 0 11 0 0 15 -18 0 14 0 3 0 0 0 0 0 0 2 20 28 0 12 0 0 0 29 0 0 15 6 0 29 0 -12 29 20 -18 0 0 25 -21 0 1 -18 23 0 0 -51712
0 6 0 0 0 0 0 -8 0 0 0 -335 0 0 0 0 0 0 12 -23 -7 0 0 -20 0 13 0 0 -2 24 0 0 0 17 -19 21 -4 -26 21 0 -15 0 0 5 0 -20 -17 0 -3 2 0 0 0 0 0 -1 17 0 0 0 8 -5 0 0 49664
-17 27 -2 3 28 0 0 0 0 20 -28 0 482 0 0 8 -17 23 0 0 0 -5 0 -8 -12 8 0 13 -12 0 -21 0 28 1 -3 9 0 0 0 18 0 26 0 0 -1 9 0 0 13 0 1 0 0 17 0 -9 7 0 0 0 -17 12 -23 26 31744
0 3 15 0 0 0 0 0 23 0 1 -14 0 473 0 0 0 -27 0 27 0 16 0 -1 -28 0 0 15 20 -20 -15 -24 0 0 0 0 19 0 0 0 -20 29 -8 0 0 -27 -3 8 0 0 14 0 0 0 0 0 -23 0 0 -30 0 0 0 -29 -15872
-6 0 0 4 -22 -14 0 -30 17 0 -18 0 18 0 492 10 0 0 -27 11 0 0 0 14 0 0 4 0 -30 0 12 -3 0 14 0 0 2 4 15 0 0 0 27 0 0 0 24 16 20 -2 0 0 -26 2 -29 -1 0 0 0 0 -3 -29 0 -18 33856
0 0 21 0 -18 0 0 10 0 0 -5 29 -28 0 0 542 -9 25 -26 -3 -19 -15 -13 -21 26 0 0 0 0 0 -17 19 0 14 0 0 17 0 0 10 -10 0 5 0 0 -9 12 -12 0 -28 9 21 0 5 0 -14 0 21 8 23 0 0 0 0 -41664
0 -18 0 8 -10 4 0 0 8 0 0 0 0 0 -25 9 -332 0 0 0 0 0 0 -2 0 3 8 0 0 0 0 23 19 0 24 -22 4 0 0 0 0 0 -14 0 -2 -25 0 -8 -11 0 0 0 23 0 -14 20 0 0 5 0 0 0 0 0 18432
0 0 -28 0 0 0 0 0 0 0 -5 24 0 0 0 0 0 -365 0 -23 0 -26 10 0 0 0 0 0 -25 0 15 0 -5 -6 0 0 0 0 20 0 -7 0 20 0 0 0 0 0 25 0 0 0 0 0 18 -16 8 0 29 0 0 -24 9 10 34560
22 6 0 -7 -16 0 -28 0 28 0 0 19 -2 11 -26 0 -4 -6 573 0 -14 0 -16 0 0 0 -30 23 25 -22 -10 0 11 -19 -30 0 0 0 0 0 -10 -22 25 0 0 0 0 -8 0 -13 -1 0 -11 -25 1 -24 0 0 0 -22 0 19 0 0 34624
12 0 -26 0 -16 0 -26 -9 -6 0 22 0 6 0 0 0 -5 -15 0 605 -18 0 22 0 0 5 0 8 0 0 -30 0 26 16 15 0 -8 -18 0 22 -30 0 14 26 27 -21 -9 -3 -6 0 3 0 -12 20 11 -18 0 18 0 -20 7 0 4 5 22080
0 0 -30 -1 10 13 0 0 -15 -10 0 -22 0 0 0 4 0 -22 0 -20 601 0 9 -5 10 -3 0 0 0 11 0 23 27 -6 0 0 -2 10 -13 17 23 -19 -16 22 19 -5 22 0 0 -30 17 24 0 0 0 -14 18 0 19 20 0 26 0 0 -57408
0 0 0 0 -8 0 -16 0 -22 0 -8 -25 0 11 0 0 0 0 0 0 0 312 0 14 11 0 0 -4 0 0 -3 23 18 0 23 0 0 0 0 0 0 0 0 0 0 0 -30 5 -27 0 4 0 -3 -28 0 0 0 0 -3 0 0 -6 0 0 19584
0 23 12 27 -3 0 24 0 0 0 13 22 24 14 0 0 4 -21 -26 15 3 -8 -512 0 24 -8 13 0 -4 3 0 0 0 -7 0 0 0 0 -14 0 -23 0 2 -27 0 0 19 0 2 0 0 0 0 -4 0 0 24 0 -29 0 0 26 -14 -9 13312
-2 -23 -23 0 0 -4 0 29 0 0 0 0 -11 -15 -3 -14 -25 -21 0 -1 0 9 0 -433 0 0 0 0 0 0 0 -24 0 -7 0 3 -27 2 -2 12 0 -9 2 0 8 0 -7 0 0 -28 28 0 0 6 16 0 17 0 0 21 0 -21 0 0 47424
-19 -26 0 -15 24 -13 -22 -30 0 19 26 0 -26 2 0 0 -5 -18 1 0 20 0 -29 6 -593 0 6 0 0 21 0 18 0 0 3 0 -2 0 0 0 0 -19 -26 -20 25 2 0 -22 0 0 0 0 0 -10 0 26 -23 0 0 -27 19 0 0 0 46592
2 28 0 -16 13 9 0 -10 -17 -15 0 6 0 1 0 0 0 0 0 0 27 27 0 21 0 564 0 -10 3 0 0 -6 0 -6 5 -30 0 -17 28 0 0 15 26 10 -3 0 0 -15 20 -14 0 -7 -22 -19 -25 -16 12 0 11 -10 0 0 -21 0 -7744
-26 -30 16 0 -20 -6 0 0 28 0 27 3 12 -12 -14 -9 0 -10 0 0 0 16 0 0 0 0 -493 -12 -20 -8 0 -18 2 -18 0 0 0 8 0 7 0 0 2 -12 3 -6 0 0 0 -25 11 -16 0 0 0 -26 0 19 -12 0 -23 0 0 -2 45760
-29 0 0 0 0 0 9 0 15 23 -21 -29 0 -8 -29 29 0 0 10 0 0 13 28 -20 0 14 0 561 0 0 16 0 9 0 0 -3 0 -4 -24 0 8 0 -18 0 0 0 26 0 0 0 0 0 6 12 -15 -21 0 -7 28 0 21 10 -26 6 -15936
-9 0 -18 0 0 5 0 0 0 3 0 0 29 0 -10 12 -2 -21 -29 27 -9 0 0 0 0 0 -16 28 -495 17 2 -6 24 14 0 0 0 -23 -1 0 -12 0 0 0 0 0 0 4 -6 12 0 -24 -18 5 -16 0 0 -11 -30 0 0 20 -22 0 39104
2 -1 -5 21 0 0 0 0 0 0 23 0 0 -1 18 -30 0 -7 0 0 -9 0 -8 -24 12 0 13 4 0 -509 -11 19 -26 26 -18 0 0 -19 1 -10 -24 0 -18 16 0 0 0 20 -27 0 0 0 0 0 0 20 0 -18 9 0 6 14 0 18 -47104
25 25 0 0 -16 0 20 0 7 0 0 6 -22 0 -19 -14 0 0 0 0 0 0 0 0 0 0 0 -18 0 0 -403 0 0 -14 0 0 26 -21 0 0 29 0 0 0 0 -25 0 20 0 0 16 0 25 -9 0 0 0 -22 0 0 0 -14 0 0 -32256
24 -14 0 -21 0 0 0 -11 0 -24 -29 -15 0 0 0 0 13 13 0 0 -14 14 -15 0 0 0 0 -12 0 0 0 -545 22 0 15 0 22 -19 -15 0 0 -22 0 -24 -30 0 -27 0 0 18 0 0 -12 0 0 16 12 0 0 28 0 0 26 0 -15040
0 22 0 0 24 -12 0 5 0 0 15 -7 0 0 0 -10 19 7 0 -15 1 0 0 26 0 0 -11 -27 0 0 0 -30 -473 24 5 17 0 -2 0 -17 0 0 0 0 0 4 20 0 0 0 -30 0 3 0 0 -25 0 15 26 14 0 0 -22 -5 -61248
-8 0 0 0 28 -26 0 0 0 0 -20 20 0 0 0 29 0 -11 -23 0 25 26 27 0 0 0 0 -25 29 -1 14 0 -27 586 0 0 -24 -21 -12 -16 -26 0 -24 0 8 0 9 0 0 0 0 12 0 14 0 24 0 9 -18 -10 0 0 2 0 19968
0 -15 0 0 0 0 0 4 0 -21 0 0 -15 23 12 0 0 0 0 -11 16 0 0 0 -6 0 0 0 -28 0 0 0 -1 0 -343 0 0 -14 0 0 -20 0 0 4 -7 0 2 -8 0 0 0 0 10 17 28 0 -5 11 17 2 0 -24 8 0 46400
0 0 0 4 0 20 -27 0 28 6 0 0 0 0 0 0 6 23 0 0 26 18 0 -12 7 -7 0 0 16 -14 0 0 0 0 0 467 18 -27 -3 0 29 25 0 0 16 0 0 0 0 0 0 12 0 -11 -30 0 0 0 0 0 -11 -25 0 26 -20672
0 -2 0 -16 0 0 2 7 11 10 0 -9 -12 14 0 19 0 0 0 0 0 4 26 -6 -3 0 0 0 -4 18 0 14 0 0 1 2 -457 -22 0 16 0 21 0 0 0 0 24 -19 0 0 0 -14 28 0 -20 0 12 -17 0 18 -20 -15 10 0 60800
0 22 -30 3 0 14 0 0 0 0 0 -5 0 0 0 20 0 -25 0 0 0 14 0 0 0 0 21 0 0 9 -8 0 -11 -7 0 15 5 -411 0 0 -5 0 22 0 0 -21 0 0 29 0 -9 16 0 0 0 -10 13 14 0 0 29 0 9 -10 -50176
29 0 0 -22 0 0 0 0 18 0 13 20 8 0 -26 0 -24 0 0 5 -17 0 0 -29 -16 0 5 0 0 -28 0 20 -13 0 0 3 -14 3 -551 0 0 0 18 0 -28 -27 0 0 0 19 29 -23 4 -23 0 21 -17 0 0 -18 0 0 0 0 15872
15 5 15 3 -29 5 22 0 17 12 19 0 0 0 29 0 -7 0 0 0 0 -21 19 0 0 0 0 23 12 0 -1 0 0 21 0 -19 -29 0 0 467 26 0 -11 -23 0 0 0 0 0 0 24 0 -2 0 0 0 15 0 0 0 -13 0 -1 9 -58368
-19 0 23 -16 -9 0 0 0 0 0 3 -15 -30 20 0 0 0 0 -20 0 0 0 0 0 0 0 3 21 -28 7 1 0 -28 0 0 0 16 10 0 0 -494 -19 0 22 12 -9 24 0 -23 0 0 0 15 -3 11 0 12 -10 0 0 -21 -15 0 6 25024
0 26 0 19 15 4 -4 24 -7 0 0 4 0 27 0 -26 0 0 0 7 0 3 -6 16 0 -10 17 -13 7 0 -27 0 -21 0 -4 -27 -15 -23 -2 -23 0 -523 0 23 -24 0 -10 0 0 0 10 0 0 -29 0 -10 5 0 0 0 -16 0 0 0 28160
0 0 -18 -17 0 0 -24 22 0 0 0 15 -26 17 0 0 -3 0 10 0 -7 -17 0 0 0 0 0 -7 0 0 -13 0 0 22 -2 0 21 -23 -8 -20 0 0 -443 0 -29 0 -17 -7 0 0 0 0 -19 -1 0 -7 0 0 0 0 -28 0 0 26 55296
21 17 19 29 -17 0 14 16 0 0 0 0 0 0 0 0 0 0 -26 -21 12 0 -12 0 0 2 0 15 0 0 0 0 0 -18 0 19 -29 -1 0 0 0 2 0 491 0 0 18 -18 -25 0 -24 -10 -22 0 0 0 -11 0 0 0 -22 16 0 -12 -7232
-5 0 -1 0 0 10 0 22 -13 -19 -23 -8 5 0 24 -25 13 -27 0 3 0 0 -13 17 -26 0 -9 23 -13 0 0 0 22 0 -13 0 0 -25 -25 0 -17 0 0 0 545 0 24 -29 0 -18 0 0 16 -5 8 0 0 0 0 0 0 -20 0 8 -51712
0 4 -22 0 0 25 -23 -11 0 0 0 0 0 -2 6 -26 0 0 0 0 -4 -1 0 0 0 -7 -21 20 0 0 23 0 -15 -9 8 -27 -21 0 0 9 23 -23 -15 -2 11 -444 19 0 0 0 0 -2 15 0 0 1 0 10 0 2 4 12 -7 0 47680
15 0 0 0 0 0 0 0 22 7 -5 0 0 0 -4 -17 18 0 -9 0 -5 -20 6 0 0 0 0 -14 -22 0 0 21 0 0 -9 0 0 -29 0 4 0 0 -8 0 -5 0 -366 0 -21 0 -13 0 13 1 -16 0 0 0 6 -20 12 3 0 0 15104
-17 -15 0 -23 0 0 0 -14 18 0 0 -15 -25 -28 0 7 0 8 0 0 -27 0 -20 0 0 0 0 -12 0 15 0 0 7 0 0 0 0 27 29 0 8 9 0 -4 -11 0 7 482 -27 15 -5 0 0 0 15 0 -23 0 4 -5 0 1 24 0 53248
0 0 0 -10 -14 0 11 7 -2 0 -24 0 0 18 0 0 -29 0 0 -23 -21 0 8 -19 0 12 -29 -2 0 11 0 -10 0 0 -29 -11 0 0 0 -3 0 -28 -25 13 -3 -20 -1 20 558 -19 14 -9 0 -7 23 0 -30 19 0 0 0 0 -5 5 18240
0 0 -23 0 0 -24 11 0 -15 0 0 -1 0 0 3 0 -22 0 4 9 0 0 -7 -15 -13 -13 29 0 0 -10 0 12 0 -15 1 20 0 -6 0 5 0 0 -14 0 0 0 -19 22 0 436 0 -29 -18 0 -3 0 0 -20 0 0 0 -24 0 -12 8256
0 20 -1 -13 0 -21 12 0 0 -6 0 0 0 -28 -24 0 0 2 0 2 20 12 -2 0 12 -30 29 0 0 28 0 24 -19 0 0 24 -9 0 0 11 0 -15 -9 0 25 15 -16 0 0 0 487 0 0 0 0 -4 13 16 0 -3 0 0 0 0 33856
-20 0 -25 0 16 20 0 21 0 0 -14 0 29 -5 0 0 11 0 24 -28 0 -13 0 0 -14 0 0 27 -18 0 0 28 0 14 0 28 0 -6 0 0 0 0 -18 19 -28 0 -29 0 0 7 0 -584 1 -30 -26 0 0 12 -12 3 0 25 0 0 47360
0 0 0 0 -22 0 0 0 0 -21 0 28 0 0 0 0 19 16 0 0 -21 0 0 0 0 9 12 0 -23 0 26 28 0 0 0 13 -25 -16 -28 0 0 0 -12 0 0 0 0 0 13 0 0 0 414 0 0 0 11 0 -9 26 0 -19 -2 0 -36160
0 -26 2 25 0 0 -4 -6 22 13 -19 -29 0 0 0 4 0 17 0 -1 0 -29 0 0 0 0 0 0 0 -13 0 0 -9 0 0 6 0 0 -18 0 -10 2 5 0 0 14 -7 0 0 0 0 11 0 376 18 0 0 -18 0 -26 0 0 0 -6 -16832
-19 12 -8 0 0 -20 0 0 29 -22 2 0 6 0 0 0 -2 -4 0 0 0 0 22 -17 -18 1 -4 0 0 -17 0 0 0 -9 15 0 1 0 0 11 0 0 -7 0 0 0 0 6 0 25 0 -17 0 -27 -390 2 4 0 0 10 1 0 -10 -27 30848
0 0 0 2 21 0 -16 -10 0 17 0 0 -24 -12 0 0 -22 23 0 -2 -5 0 19 0 11 -29 0 -9 -16 0 0 0 0 0 0 -19 0 0 1 0 15 9 0 0 22 -21 9 0 -12 0 -6 0 0 8 0 -402 0 0 0 0 -1 -30 1 0 -53504
0 -11 0 0 -23 27 -30 11 0 -28 0 0 26 0 0 0 -18 -7 0 -22 0 -5 0 21 18 17 0 0 8 -14 -9 0 0 0 0 0 0 -25 25 7 0 0 -9 9 -1 -7 0 0 0 0 0 -4 0 0 -29 -3 -484 0 0 0 -21 3 0 -30 61952
-23 -28 0 0 -4 0 -18 17 -29 9 -12 0 0 5 -24 25 0 1 -5 0 -3 0 8 0 21 0 0 26 -9 0 10 0 0 -1 0 0 23 -7 0 0 17 -14 -29 0 0 7 0 -23 -4 0 28 0 8 0 -2 0 0 512 -28 0 -4 0 22 8 12608
0 24 -13 -27 0 -1 -7 0 -23 2 12 0 0 0 0 9 0 -12 0 5 -21 0 -4 -9 0 0 5 0 9 0 -26 0 0 0 14 25 26 0 16 0 20 0 -23 0 0 0 0 -28 2 0 10 0 -11 0 1 0 -12 -16 -475 10 -30 0 0 0 17088
0 -27 -8 0 0 -15 -3 -29 -6 0 0 0 -2 0 23 0 0 20 -15 0 -7 -16 0 0 3 0 5 -9 -23 -18 22 0 0 0 1 -28 0 9 -22 0 23 -23 0 11 -18 0 0 0 -7 11 0 10 -22 4 0 0 -2 0 0 -470 0 0 0 -14 59584
22 -1 0 0 7 27 0 14 -13 0 21 0 5 0 -30 0 0 -5 1 0 0 19 -14 0 0 0 0 0 0 29 0 14 0 0 5 -11 -9 0 0 9 27 -2 -30 0 -24 -23 28 0 0 18 4 0 0 9 6 -11 26 0 -24 11 520 0 0 -3 52032
-15 0 0 0 0 27 0 0 1 0 0 0 -3 -20 0 10 20 0 0 25 0 0 -27 -21 0 0 17 0 -26 0 9 25 0 0 0 0 21 0 11 0 0 0 26 0 0 0 0 26 -4 3 10 -28 -6 0 29 0 28 0 -18 0 0 -492 0 16 -56640
24 -24 -19 0 0 23 0 17 0 0 0 -21 0 0 0 14 0 0 -11 0 0 0 0 -30 0 -19 0 0 8 0 -13 13 0 23 0 23 -1 0 -4 0 0 0 -7 -8 29 -3 -16 0 -9 0 7 0 0 -21 26 0 -4 0 0 -15 14 24 -480 0 -19456
0 0 0 0 0 -26 -12 0 0 23 14 0 17 7 0 -9 0 0 9 0 1 0 -1 0 11 -26 0 0 0 0 3 -30 0 9 26 29 -18 0 13 -11 0 0 0 19 -13 0 0 -29 -5 -6 0 11 11 0 0 0 -25 23 0 -28 23 0 0 -512 54784
