20
63 70 0 0 0 0 0 0 30 0 0 0 0 0 0 0 0 0 73
0 77 0 40 40 0 0 60 0 0 0 100 0 0 0 0 41
0 0 32 0 0 0 0 0 0 0 0 0 0 0 0 0 0 0 0 431
33361 0 0 0 0 340 30 0 0 0 0 0 0 0 105
0 0 70 73 70 780 0 0 80 0 30 0 100 37
0 0 0 0 0 31 0 0 460 100 0 260 0 0 0 112
0 0 0 0 0 0 57 0 0 20 0 0 0 0 0 0 0 80 81
0 0 10 0 0 0 39 2640 0 0 0 0 0 0 0 0 29
0 0 60 0 0 0 745 0 0 0 30 0 0 0 0 0 0 93
0 100 100 0 0 100 58 0 0 0 0 0 100 50 0 44
0 0 0 100 0 0 0 0 0 62 0 0 0 0 0 0 0 0 0 103
0 0 20 0 0 20 0 100 78 280 0 0 19844
0 0 0 50 30 0 0 0 31053 0 100 10350 40
0 50 100 0 0 530 50 0 67 0 60 80 0 70
0 0 0 0 0 0 70 2660 0 0 65 0 0 0 0 0 101
0 0 0 0 0 80 0 0 0 60 0 0 154 660 5111
0 0 0 0 100 0 0 0 0 0 0 80 0 0 45 0 5240
9280 0 10 0 0 0 0 70 0 0 0 0 64 0 0 116
20 40 0 0 20 10 0 0 0 0 90 0 0 48 1058
0 0 0 0 0 0 50 0 0 0 570 10 0 0 0 62 66
