20
64 0 0 0 0 0 0 0 3410 0 0 0 0 0 0 0 0 78
0 79 0 0 0 70 0 0 0 0 0 0 280 1090 0 60
0 0 67 0 0 0 10 0 0 90 0 0 100 0 0 0 370
510956 0 0 0 0 0 0 0 0 0 210 30 0 0 51
0 0 0 0 71 0 0 0 0 90 0 0 80 0 0 10 0 41
90 50 162 100 0 0 0 80 0 0 0 30 0 0 94
0 0 0 100 0 66 0 20 0 0 0 0 0 0 0 0 0 1031
0 40 0 0 0 0 78 0 0 50 0 80 20 0 0 0 66
0 0 0 0 0 0 0 933 60 0 0 70 0 70 40 72
0 0 0 0 0 0 40 0 49 0 90 60 0 0 0 50 95
0 0 0 0 0 0 10 0 0 54 0 50 0 760 0 0 74
0 0 0 0 0 0 870 0 0 64 0 0 0 0 0 28563
0 40 60 40 0 0 0 10247 0 50 0 1080 50
90 0 0 0 0 0 0 0 0 0 0 0 68 0 60 0 0 127
0 60 0 0 0 0 0 0 0 20 0 0 52 0 0 30 0 91
0 0 2100 0 0 0 0 40 0 0 0 0 42 0 0 0 0 47
0 0 0 0 0 0 0 0 0 0 0 0 980 0 37 0 0 0 73
20 0 0 520 0 0 0 0 0 30 0 0 0 46 0 635
280 0 0 0 0 680 0 70 0 4240 75 0 113
0 30 0 0 20 0 0 0 0 0 2860 0 50 40 100
