32
-308 -7 29 6 0 0 0 28 11 0 -14 2 0 18 0 10 0 0 0 0 -21 17 -6 -16 0 19 27 -28 -6 0 0 -23 23936
10 286 2 0 -24 5 17 15 0 0 0 0 10 0 7 0 0 0 -28 0 0 3 0 25 -29 0 -7 29 17 0 -11 23 29472
6 0 243 29 -16 6 0 0 0 21 0 14 -18 0 -18 -7 0 0 0 0 3 0 0 -10 0 29 0 -3 22 -12 3 -11 29440
0 -19 -4 221 0 -30 27 22 5 0 0 0 0 0 0 0 0 -30 0 -5 16 0 0 0 0 0 -8 -16 0 -19 0 0 -28672
-19 27 21 0 -254 0 -16 0 1 26 -19 -10 0 0 0 0 27 0 15 15 4 0 -7 -1 0 -18 0 0 -8 0 0 0 -20320
0 0 0 24 10 194 -14 0 0 0 0 26 0 -13 0 0 -3 23 0 0 0 -14 0 0 0 -22 22 0 0 0 0 -11 28800
0 -28 -8 24 26 0 363 8 -21 28 0 7 21 0 -7 0 -22 21 0 28 28 0 0 -21 -7 0 -28 0 0 -1 -15 0 -27392
0 -17 -8 -28 0 28 29 -264 -4 0 -3 0 0 -15 0 0 0 28 0 -26 0 0 0 0 0 27 -19 -2 0 -10 0 0 800
0 5 0 -23 -2 0 -30 0 -240 0 5 0 6 0 0 -20 0 0 0 -8 -3 9 0 0 23 -17 0 9 -25 20 6 7 3136
14 -26 -2 0 -14 -24 0 -30 0 -305 24 0 0 0 0 10 0 0 0 0 -14 -7 22 26 0 10 0 21 -23 0 0 25 12288
-21 0 11 0 0 0 28 0 -9 -3 202 0 0 20 0 0 0 0 0 -16 3 0 6 3 -29 6 -3 6 0 20 0 0 -10240
0 0 -17 0 -13 0 0 9 2 5 -26 223 -17 0 10 13 7 0 0 0 25 -6 22 0 0 0 0 -13 0 20 -3 0 11904
-15 -5 8 0 0 0 -13 15 0 0 0 -29 291 12 0 22 0 4 6 -5 -23 -11 0 0 -6 24 0 0 -30 -21 7 20 3712
-26 -21 0 8 0 -28 0 -8 22 1 28 0 0 314 0 9 -27 -27 0 21 -5 25 8 0 0 -3 -18 0 0 0 -6 0 7648
0 17 0 20 -16 0 28 27 0 0 0 0 9 0 250 -13 0 0 -12 0 0 0 6 0 -7 0 -25 26 22 0 0 0 -24992
0 -17 -21 1 18 11 0 0 -2 23 0 0 0 18 0 218 0 -17 23 0 2 0 0 0 -6 -17 2 0 0 8 -14 8 4736
25 0 2 -17 15 -20 6 0 -20 0 -7 0 0 -6 10 0 -192 0 0 -16 0 0 0 -12 0 0 0 21 2 0 0 0 -10272
-4 0 0 0 0 0 23 -3 0 0 -22 0 0 0 -28 -10 0 205 0 0 -24 0 24 0 -18 -13 17 0 0 0 -9 0 -3520
0 0 0 28 0 0 28 9 22 -12 -14 0 0 0 2 -21 -21 0 238 0 0 0 0 -24 0 0 8 -24 0 15 0 0 -18944
0 -1 22 0 -9 0 1 -29 0 0 0 0 0 0 0 0 -16 0 0 164 8 0 0 0 0 -13 0 -29 0 -16 -4 0 -8576
0 0 -14 0 0 -5 -19 -3 10 0 0 -12 0 0 0 0 0 0 -18 7 -188 26 0 23 -2 0 0 0 -17 0 0 19 -6688
0 -25 0 0 -5 0 0 0 0 -18 27 0 20 0 0 0 -3 -2 0 0 0 180 25 -19 0 8 5 3 8 0 0 0 2688
0 0 0 0 20 -27 0 -12 -6 0 0 -2 -25 0 0 0 0 0 0 0 0 2 -156 -1 0 -28 0 0 -15 0 0 0 544
-6 28 -7 0 0 0 -30 -15 0 -16 5 -12 0 0 0 0 -11 -20 12 29 0 0 0 -297 0 0 16 -27 25 -23 0 0 -16480
28 0 0 -29 -23 -28 -3 0 19 28 0 0 17 0 12 0 -5 -8 0 0 0 0 6 25 -275 1 -5 0 0 0 0 -24 -13472
28 0 0 0 0 11 -18 0 0 0 0 -22 26 0 -3 15 0 0 0 0 13 0 0 -22 0 -218 24 0 5 0 8 0 -1344
6 0 0 0 0 -4 0 0 6 17 -17 -6 28 -23 28 0 0 -17 -17 -23 0 -10 0 22 13 -9 310 -27 8 10 0 0 -25248
0 -18 23 0 0 0 4 0 0 9 9 -1 0 0 0 3 0 -25 0 0 -7 14 7 -23 -25 -20 0 238 0 0 0 27 1504
0 -21 0 -2 -22 -9 19 0 -19 0 0 -29 -13 0 0 0 21 -22 24 0 0 0 13 0 -29 0 -16 0 298 22 0 0 28672
0 1 0 -26 0 26 0 0 0 11 0 0 -19 0 -18 0 -12 0 0 0 0 -21 -3 17 0 0 0 0 10 -182 0 0 -10528
0 0 7 0 10 0 -23 0 11 28 0 -16 0 0 0 15 0 -20 0 25 21 -27 29 0 9 -26 0 0 14 0 324 29 12032
0 1 0 12 0 -10 13 -18 0 0 0 0 12 -9 -19 0 17 -22 -23 24 -24 -19 0 -2 0 0 0 -28 -1 0 16 290 31872
