20
41 7 0 0 10 0 0 0 0 0 0 0 0 0 0 0 0 0 6 0 102
0 31 10 0 0 0 0 0 9 0 0 0 0 7 0 0 0 0 0 0 55
0 0 80 0 4 6 5 0 0 6 0 0 2 0 0 0 0 0 0 0 41
0 0 0 32 0 0 0 0 0 0 0 10 0 0 0 0 0 1 0 5 100
0 3 0 0 57 0 0 0 0 1 5 0 9 0 0 1 0 0 4 0 118
0 4 0 4 0 45 8 6 8 0 5 0 0 8 0 6 0 1 0 0 53
10 5 0 5 0 0 35 0 8 0 0 0 0 0 8 0 0 0 3 0 111
0 0 0 0 0 0 1 67 0 0 8 0 4 0 0 0 0 0 1 0 70
8 0 0 2 0 0 0 0 77 0 6 0 0 6 0 0 5 0 0 0 61
2 0 0 0 9 7 0 0 0 52 0 0 0 0 0 0 3 10 0 0 64
0 0 0 0 10 0 0 0 0 0 36 0 0 0 8 0 4 2 0 6 47
0 6 1 0 0 0 0 0 0 0 0 69 8 0 0 0 0 0 0 0 25
0 0 9 4 0 0 0 10 0 0 1 0 78 8 0 0 0 0 10 0 109
0 0 0 0 6 0 0 0 0 2 6 0 0 51 0 0 0 0 0 0 67
0 8 3 0 0 0 0 0 0 7 0 0 0 0 54 1 0 0 0 0 24
0 4 0 0 0 0 0 0 0 0 0 0 0 0 3 49 0 0 0 0 43
0 7 0 0 0 0 0 0 1 0 0 0 9 1 0 0 66 0 0 0 36
0 0 0 9 0 0 0 10 0 0 5 0 5 0 0 7 0 68 0 0 57
0 0 0 0 0 1 1 4 0 0 10 0 0 0 3 0 3 1 80 0 35
0 4 4 0 9 4 0 4 0 0 0 0 6 0 0 9 2 0 0 68 59
