16
-86 0 0 -19 28 0 0 6 0 19 0 0 0 0 0 0 -5232
0 -79 0 -10 0 0 0 0 0 0 24 0 14 0 0 -11 -2256
0 0 129 0 0 0 0 0 0 -15 25 27 -12 16 -17 0 12992
0 -8 16 -110 -20 4 -1 0 0 10 26 -15 0 0 0 0 10128
-8 0 0 18 -109 0 -20 0 6 0 0 -13 8 -14 6 0 7776
3 5 0 0 0 -105 -19 -21 3 0 0 -23 0 17 0 0 5264
0 0 0 0 -3 0 -86 0 0 0 0 0 -14 21 16 -14 10672
0 0 -22 0 0 21 21 -150 7 19 15 0 1 24 2 0 2368
0 0 0 0 0 0 5 29 -62 0 0 0 0 0 14 0 4400
9 0 0 0 -2 10 0 0 -25 109 9 0 3 0 -6 -26 8208
-7 0 0 13 0 0 26 -24 -24 22 183 18 5 0 0 22 8400
0 0 0 8 0 0 0 0 -4 0 16 81 0 22 0 -7 -12352
-5 8 -4 0 0 0 0 -23 -16 -10 3 0 130 -19 -28 0 -13696
4 -24 -8 25 0 -8 0 28 0 0 0 7 -15 -160 3 22 -12144
-15 0 15 0 22 20 0 0 -3 19 0 0 6 0 124 0 -8416
11 0 0 0 0 0 0 0 0 0 28 14 25 0 0 88 3264
